   Fp1   84.4086   33.0796   46.3457
    Fz   42.1510    8.3278  111.9161
    F3   38.7510   53.0001   85.5821
    F7   42.1251   70.5668   39.4206
    F9   16.3180   78.5415   -4.5815
   FC5    9.2425   77.2119   56.2422
   FC1    5.0105   42.2307  112.5691
    C3  -25.1881   68.8036   86.1660
    T7  -12.5839   85.4967   22.0069
  ECG1  -71.5044  146.4215 -176.3442
   CP1  -52.2053   81.3608   45.1354
    Pz  -68.0494   43.8711  103.3708
    P3  -98.0490   10.1302   84.2112
    P7  -88.8580   57.3027   63.9521
    P9  -77.3832   73.6579   12.6568
    O1 -114.9016   31.2098   12.3519
    Oz -117.2676    5.2241   14.6614
    O2 -115.2754  -21.7012   16.3317
   P10  -91.7250  -41.2210   70.2500
    P8  -76.7423  -63.1917   27.1929
    P4  -46.9367  -72.4815   -8.3736
   CP2  -57.4001  -67.8121   60.8682
   CP6  -66.3896  -22.6658  109.8009
    T8    2.1205    7.1943  123.7336
    C4  -30.1600  -54.3149   96.7601
    Cz  -21.2910  -82.0581   34.7785
   FC2   12.9611  -80.5538    4.6728
   FC6    6.8687  -71.1040   67.9305
   F10    1.5565  -25.3042  117.1781
    F8   36.1356  -43.2270   92.7090
    F4   34.8820  -70.7694   41.1650
   Fp2   83.2312  -29.9919   56.2936
   AF7   62.8139   57.2099   45.8226
   AF3   66.4636   38.6187   76.0756
   AFz   73.4386    6.6503   88.8694
    F1   38.6119   30.7286  104.8271
    F5   39.7296   64.7645   63.7608
   FT7   14.9749   81.0514   32.8996
   FC3    9.8046   62.3960   90.9566
    C1  -26.6572   42.4270  114.1231
    C5  -22.5862   82.2660   53.6692
   TP7  -44.7349   85.3341   15.4397
   CP3  -63.8275   68.8672   74.0278
    P1  -94.0611   39.6977   78.9315
    P5  -81.8972   70.4988   40.1329
   PO7  -97.2095   57.9747    9.9725
   PO3 -109.8875   37.1202   41.4235
   POz -113.7188    8.3860   47.7310
   PO4 -110.2804  -26.8669   42.4892
   PO8  -98.6250  -44.4300   25.8634
    P6  -82.8353  -57.1220   49.2521
    P2  -94.5952  -15.7570   82.1282
   CPz  -71.4730   12.4433  110.8367
   CP4  -63.7488  -54.4226   85.3790
   TP8  -53.1020  -74.2036   35.4397
    C6  -23.8351  -71.2516   68.6601
    C2  -32.6961  -27.9239  119.1840
   FC4    4.2460  -52.8942   97.1471
   FT8    9.1894  -78.5282   40.8119
    F6   37.0226  -62.9000   67.9170
   AF8   64.3338  -52.4820   53.8472
   AF4   65.8555  -34.9969   80.9657
    F2   39.7107  -22.2555  107.3257
   FCz -103.0993    3.7832  -24.4108
   nas   99.1142    0.0000    0.0000
   lhj    4.1733   83.6969    0.0000
   rhj   -4.1733  -83.6969    0.0000
