   Fp1   90.2652   27.7214   54.9117
    Fz   39.9624   -5.4585  103.7957
    F3   41.9531   45.0157   87.0362
    F7   52.2723   69.7149   44.6279
    F9   34.0446   82.4240   -0.5980
   FC5   16.0005   69.6917   64.9483
   FC1   11.3284   25.3109  106.7883
    C3  -19.9141   59.4050   84.8251
    T7   -4.8045   81.3019   25.4960
  ECG1  -10.5868  103.6583 -154.9967
   CP1  -41.2591   70.1738   43.6913
    Pz  -61.7512   31.8270   90.0193
    P3  -90.0756   -4.7189   63.1285
    P7  -74.8593   46.6400   52.2832
    P9  -51.2033   67.0908    9.6138
    O1  -88.9634   35.9374   -3.9224
    Oz  -98.5417    1.3317   -7.5184
    O2  -98.8696  -26.3194  -10.0663
   P10  -84.6505  -49.2218   43.6786
    P8  -68.0727  -68.4470   -0.4057
    P4  -33.6251  -74.9672  -29.7002
   CP2  -49.5311  -77.5818   34.6401
   CP6  -64.5566  -42.4987   85.8325
    T8    1.6211   -5.1738  113.2037
    C4  -27.4201  -67.7915   76.6520
    Cz  -12.6800  -83.6185   18.8806
   FC2   22.8329  -79.3850   -9.9696
   FC6    6.2955  -77.1756   52.2929
   F10    4.3675  -38.4983  102.9699
    F8   37.6363  -55.0299   78.5282
    F4   41.0864  -73.5724   30.4096
   Fp2   86.0671  -34.2926   50.3813
   AF7   70.8692   53.9632   55.0867
   AF3   71.5163   31.8912   78.4143
   AFz   69.8716   -2.6669   86.2925
    F1   38.3000   15.9627  101.3135
    F5   44.6944   62.1987   67.0427
   FT7   27.6314   80.6804   35.0795
   FC3   10.3446   52.7158   90.1211
    C1  -30.0482   26.2313  106.5271
    C5  -13.5207   75.5811   55.4349
   TP7  -30.0302   75.9608   14.9842
   CP3  -52.4277   56.8569   70.5775
    P1  -81.1650   27.0921   64.5572
    P5  -66.2473   58.3051   30.5468
   PO7  -74.0602   52.6784   -3.6206
   PO3  -89.2384   33.7775   28.8258
   POz  -99.3508   -2.4409   31.1009
   PO4  -98.3407  -33.3156   24.0365
   PO8  -86.9519  -51.1987   -4.6295
    P6  -76.6425  -61.7984   25.2152
    P2  -89.4720  -33.2366   57.8804
   CPz  -69.2545   -6.7820   92.2741
   CP4  -58.2776  -66.2768   63.1179
   TP8  -39.7757  -77.6629    5.3317
    C6  -22.9419  -79.6799   44.7656
    C2  -31.6172  -40.9423  101.2432
   FC4    5.6400  -63.2493   81.5834
   FT8   16.3919  -82.0969   26.5617
    F6   37.0443  -66.4982   56.2073
   AF8   69.6086  -57.3049   40.8240
   AF4   65.5858  -40.9462   70.5831
    F2   37.7408  -33.8458   96.3275
   FCz  -32.0747   -6.5793  111.7807
   nas  105.4149    0.0000    0.0000
   lhj    8.4948   89.6322    0.0000
   rhj   -8.4948  -89.6322   -0.0000
