   Fp1   95.2448   28.7075   54.1887
    Fz   46.2998    1.2944  113.7201
    F3   45.1538   47.9781   88.7649
    F7   49.5148   67.2415   48.3260
    F9   23.0698   79.0461    9.5355
   FC5   18.8378   73.0654   70.2368
   FC1   13.0237   37.1571  109.1331
    C3  -18.4036   63.4826   93.4540
    T7   -8.9331   84.1253   32.0806
  ECG1  -34.6564  101.9098 -184.0087
   CP1  -42.3409   80.4721   55.8748
    Pz  -54.6743   37.2379  104.1280
    P3  -84.2164    4.6045   88.3960
    P7  -77.3547   56.2619   66.9688
    P9  -61.6143   68.4663   20.3608
    O1  -96.9048   37.4772   21.7315
    Oz -105.2191    5.0760   21.6766
    O2 -101.6771  -19.0909   25.4127
   P10  -81.2361  -38.3498   75.5107
    P8  -66.0942  -59.6217   32.5559
    P4  -46.0633  -67.3002    4.8504
   CP2  -46.6176  -66.1472   68.2916
   CP6  -55.8731  -27.1787  106.4285
    T8    9.4296    0.6487  122.8475
    C4  -19.6220  -53.8611  100.4211
    Cz  -13.2866  -82.4673   37.8752
   FC2   18.6803  -81.1424   13.7549
   FC6   11.4920  -74.4973   69.2821
   F10    8.8210  -30.9511  114.0953
    F8   44.4476  -46.0018   93.6494
    F4   44.0515  -70.8405   51.4050
   Fp2   91.9507  -35.6453   57.5504
   AF7   69.2398   55.0422   52.5996
   AF3   73.4240   34.2660   81.6983
   AFz   78.9292    0.9974   90.8182
    F1   43.7187   29.7630  105.0876
    F5   46.3984   60.5446   71.8802
   FT7   18.8393   81.6933   38.6091
   FC3   16.1841   55.1884   94.6675
    C1  -20.6126   40.2910  111.2471
    C5  -12.2772   81.4227   61.5059
   TP7  -31.8491   80.3606   23.2298
   CP3  -49.0018   65.3106   83.9776
    P1  -81.6761   37.3911   81.2528
    P5  -71.9239   66.1811   43.9265
   PO7  -85.8123   54.9048   24.2478
   PO3  -93.8725   40.4058   48.3755
   POz -100.7563    7.3200   54.3862
   PO4  -98.5410  -25.9036   55.4549
   PO8  -87.7129  -43.4974   26.0907
    P6  -74.8857  -54.2322   53.0892
    P2  -84.0589  -17.6130   85.2196
   CPz  -58.5842    5.9583  111.3925
   CP4  -55.9783  -50.2644   91.2969
   TP8  -42.6262  -74.4773   30.5823
    C6  -18.3700  -77.2203   68.8595
    C2  -25.1372  -28.4731  116.6055
   FC4   12.0446  -53.2256   98.2954
   FT8   15.9936  -80.8806   46.0936
    F6   44.6602  -60.2450   76.9721
   AF8   70.8131  -55.9200   52.8045
   AF4   73.0140  -35.7282   83.3434
    F2   45.3516  -27.2836  107.6795
   FCz  -19.6697    1.5038  123.5709
   nas  106.7826   -0.0000    0.0000
   lhj   -1.1294   85.4119    0.0000
   rhj    1.1294  -85.4119    0.0000
