   Fp1   96.2419   28.5168   60.3002
    Fz   45.1802  -11.6705  106.9642
    F3   47.1693   36.9928   92.7245
    F7   54.2122   60.4108   49.7458
    F9   34.8774   73.7446   11.8028
   FC5   19.3094   62.1699   72.5886
   FC1   13.9601   15.8503  107.5904
    C3  -16.0834   51.1097   87.0516
    T7   -2.1250   76.3032   33.9584
  ECG1  -12.7377  124.5905 -146.6785
   CP1  -37.5275   64.6448   54.8696
    Pz  -54.5014   18.1123   91.6723
    P3  -77.5402  -12.5300   64.0259
    P7  -68.5392   37.5564   60.1938
    P9  -53.1496   63.8282   14.1908
    O1  -88.6569   16.4497    1.1569
    Oz  -90.8622   -6.1712    0.1760
    O2  -82.6115  -32.1425   -4.5506
   P10  -65.1669  -58.7738   45.8646
    P8  -41.7360  -69.8764   -5.9954
    P4  -26.7570  -73.5296  -27.8612
   CP2  -30.7701  -81.7658   33.4600
   CP6  -47.6733  -50.2034   82.6460
    T8   14.5121  -17.5620  108.6575
    C4  -11.9310  -72.1296   73.9734
    Cz    6.3003  -85.8854   14.8211
   FC2   39.4118  -77.6936   -7.2331
   FC6   30.7138  -81.4771   48.8091
   F10   18.0165  -45.5547   99.3369
    F8   52.7574  -56.3133   84.4628
    F4   57.9696  -73.0495   33.0063
   Fp2   98.7388  -41.6172   52.3257
   AF7   77.5988   47.3483   57.2880
   AF3   73.3376   26.1803   83.2421
   AFz   79.9904  -10.3305   91.4327
    F1   44.9470   12.9483  103.5477
    F5   51.0193   51.5070   74.7540
   FT7   29.0324   71.1424   41.4035
   FC3   15.3017   43.7575   95.0309
    C1  -21.5797   14.3693  105.9940
    C5   -7.8715   68.7268   62.9218
   TP7  -22.3112   76.0900   20.3207
   CP3  -48.9100   45.6049   79.6290
    P1  -75.9716   10.6302   69.3252
    P5  -65.6993   51.0954   40.6170
   PO7  -74.1165   43.5955    7.5715
   PO3  -84.3489   24.7995   31.8375
   POz  -86.8545   -9.3071   32.2540
   PO4  -77.7808  -42.2996   24.3349
   PO8  -69.8646  -53.1389   -4.3613
    P6  -55.7722  -68.8432   26.0494
    P2  -72.4598  -37.8546   59.3496
   CPz  -57.4475  -13.7030   88.5142
   CP4  -41.7287  -70.1935   63.1521
   TP8  -31.9954  -82.0307    6.0755
    C6   -1.8322  -85.5408   48.0893
    C2  -20.3713  -46.5109   96.0991
   FC4   20.6868  -68.2017   80.8505
   FT8   31.6122  -82.2164   21.6096
    F6   56.2614  -69.0370   61.7665
   AF8   84.0993  -59.9651   41.9081
   AF4   80.1342  -41.8499   77.1424
    F2   49.4032  -37.4151   97.4278
   FCz  -20.3896  -15.2673  107.1609
   nas  115.5003    0.0000    0.0000
   lhj    1.7489   90.3013    0.0000
   rhj   -1.7489  -90.3013    0.0000
