   Fp1   79.3401   19.9960   64.3749
    Fz   14.6865   -7.2759  108.4018
    F3   24.3249   41.9789   90.3629
    F7   44.1874   59.7216   48.4187
   FT9   22.5895   75.3024    2.7035
   FC5    2.7648   70.0555   61.0746
   FC1  -16.2212   32.8084  105.0941
    C3  -36.7156   63.7159   78.6563
    T7  -17.0509   80.4343   19.7091
  ECG1  -96.9615  124.9609 -175.2996
   CP5  -51.3094   77.1843   34.4016
   CP1  -85.5656   43.6623   79.1245
    Pz -115.7504   13.6735   48.9851
    P3  -90.7745   60.9420   37.5225
    P7  -65.5462   73.6872    4.0514
    O1 -115.2109   38.8713   -9.6277
    Oz -123.3492   13.8550   -9.5496
    O2 -123.5721  -10.0557  -10.3127
    P4 -115.1523  -37.9632   35.0923
    P8  -96.2578  -57.7350   -1.0212
  TP10  -69.0819  -69.0258  -28.3907
   CP6  -84.2070  -66.7868   37.0887
   CP2 -100.8682  -24.6270   75.2240
   FCz  -35.2723   -3.4372  111.6852
    C4  -67.9996  -61.4092   77.8421
    T8  -42.1646  -82.6386   20.8606
   FT8   -2.0580  -79.4294   -5.5790
   FC6  -23.1701  -79.7656   56.5959
   FC2  -30.8445  -39.4633  105.9736
    F4    4.6089  -59.7759   89.7237
    F8   15.5887  -77.5052   40.9414
   Fp2   67.7420  -48.4745   64.2457
   AF7   62.5118   45.4465   57.4657
   AF3   51.2995   25.3524   88.7353
   AFz   46.1523   -9.5103   97.8749
    F1   12.3302   19.8196  106.7079
    F5   30.8176   55.5194   71.7287
   FT7   16.1407   73.9059   38.3744
   FC3   -2.9988   53.7505   85.8567
    C1  -50.0997   33.0439  102.0937
    C5  -24.5083   75.8630   49.9479
   TP7  -38.7533   83.8228    9.8890
   CP3  -69.1367   64.1914   62.6142
    P1 -102.8555   44.3606   51.4183
    P5  -77.9776   71.1331   24.8066
   PO7  -94.8219   59.9363   -4.7699
   PO3 -111.6220   44.7017   14.1882
   POz -122.7740   18.8051   16.8679
   PO4 -126.9985  -15.2484   12.4121
   PO8 -116.8351  -37.6148   -9.5438
    P6 -105.9783  -51.0306   21.1441
    P2 -118.3544  -11.2523   46.2977
   CPz  -97.9371    9.3013   78.4416
   CP4  -94.5373  -52.4023   56.9665
   TP8  -71.1318  -71.2805    2.5745
    C6  -54.5627  -77.3013   46.9511
    C2  -69.9716  -31.4823   99.1459
   FC4  -31.0814  -62.3291   87.6169
  FT10  -14.4371  -83.8164   32.3411
    F6    6.6973  -72.5804   66.1411
   AF8   46.1991  -65.4519   52.5469
   AF4   40.6413  -46.5381   87.0748
    F2    6.9554  -39.8774  101.4266
    Iz -111.8651   17.5691  -39.8125
   nas   89.8011    0.0000    0.0000
   lhj    1.6397   84.5367    0.0000
   rhj   -1.6397  -84.5367    0.0000
