   Fp1  100.8881   36.2888   55.6267
    Fz   53.1731    3.0571  115.6174
    F3   54.1311   49.6384   92.2540
    F7   57.0897   72.4290   51.6687
    F9   26.5051   82.3423   16.5947
   FC5   27.0154   74.1005   76.1244
   FC1   20.5511   34.9187  115.3304
    C3   -5.4953   59.9536  100.1770
    T7    0.4478   86.5304   35.5670
  ECG1  -85.7098  150.2706 -170.4831
   CP1  -30.5388   78.5163   65.1539
    Pz  -47.3813   38.5607  105.4896
    P3  -76.7604    5.0286   85.5064
    P7  -67.3723   51.3581   73.0870
    P9  -51.6099   76.2069   32.1074
    O1  -88.4915   34.7752   25.3551
    Oz  -96.4796    9.5864   22.0663
    O2  -92.8145  -17.7802   25.7517
   P10  -70.4104  -39.5896   73.9380
    P8  -59.0910  -60.5181   29.5679
    P4  -36.1296  -68.8448   -0.8225
   CP2  -39.9110  -68.9888   62.5901
   CP6  -43.6097  -28.1960  108.7779
    T8   16.7987   -0.2787  122.4007
    C4  -12.6761  -58.0998   98.4964
    Cz   -5.8764  -82.7040   38.9237
   FC2   29.6252  -78.4801   13.3659
   FC6   20.4574  -73.8999   72.4316
   F10   16.2074  -29.7784  115.4540
    F8   53.9267  -45.4562   95.4843
    F4   52.6024  -70.3893   52.9546
   Fp2  100.2436  -33.2101   60.4702
   AF7   76.2937   58.0316   53.8883
   AF3   78.6650   39.4392   85.0302
   AFz   84.6435    2.2400   95.8618
    F1   51.2146   29.4662  109.7687
    F5   53.3396   64.7309   76.7337
   FT7   27.7868   83.7526   46.7008
   FC3   24.1081   56.3252   98.9394
    C1  -10.7970   37.3235  116.5360
    C5   -2.7170   80.9784   69.7663
   TP7  -27.2829   82.0083   33.4248
   CP3  -38.5183   61.5846   91.9030
    P1  -72.5710   34.0419   84.4460
    P5  -55.7623   70.7503   47.7025
   PO7  -67.0454   62.1383   26.5866
   PO3  -83.8277   40.5775   52.7576
   POz  -89.7942    9.3394   58.3779
   PO4  -88.4325  -20.9249   52.1682
   PO8  -82.0479  -43.2247   25.8337
    P6  -58.8478  -58.8941   51.6890
    P2  -76.2774  -18.7253   83.1241
   CPz  -45.5618    1.5300  112.7484
   CP4  -43.3221  -58.1499   86.6234
   TP8  -37.6284  -74.0242   25.4027
    C6   -8.9536  -77.9021   67.7536
    C2  -15.1279  -28.2751  117.3185
   FC4   17.9974  -54.9810   97.5275
   FT8   25.5043  -81.7818   44.1406
    F6   57.6730  -57.5253   78.0903
   AF8   77.3139  -55.4342   57.1625
   AF4   81.6962  -33.0482   84.9240
    F2   49.3445  -23.4164  111.4509
   FCz  -14.6054    1.2161  124.2704
   nas  111.6320   -0.0000    0.0000
   lhj    2.4194   85.4406    0.0000
   rhj   -2.4194  -85.4406    0.0000
