   Fp1   99.5294   29.4209   61.6238
    Fz   55.9179   -2.4146  109.9297
    F3   51.9950   47.6954   95.9390
    F7   59.0836   69.2685   55.4020
    F9   29.4919   83.3567    9.4146
   FC5   27.7157   75.3488   69.7469
   FC1   22.4521   33.7897  116.8331
    C3  -11.2566   68.6272   96.3666
    T7    1.1465   89.3069   33.8913
  ECG1  -52.7872  165.1878 -164.4097
   CP1  -35.3676   83.0030   61.5474
    Pz  -48.4176   40.7944  107.2807
    P3  -77.1827    2.2230   87.9156
    P7  -73.7101   54.8356   81.1929
    P9  -58.6163   78.7630   25.9539
    O1 -101.7278   32.2764   24.5421
    Oz -105.4314    4.0718   23.5234
    O2 -104.4736  -18.5419   22.9413
   P10  -79.1223  -38.9042   82.3337
    P8  -69.4125  -63.6875   28.1048
    P4  -43.7974  -74.6091    6.5293
   CP2  -48.0465  -70.1840   60.8621
   CP6  -54.0651  -27.0371  106.8288
    T8   17.6371    3.0087  122.7180
    C4  -16.6617  -60.7220   96.4704
    Cz  -15.6528  -81.9386   36.5910
   FC2   15.6641  -80.4960   11.8670
   FC6   17.7829  -75.1618   69.0179
   F10   16.0383  -32.9660  116.8510
    F8   47.9426  -49.5780   92.1525
    F4   44.1621  -71.2917   49.7706
   Fp2   95.1711  -36.7196   56.4305
   AF7   79.5341   54.1317   59.7890
   AF3   83.5003   35.8153   83.6535
   AFz   84.0842   -4.4582   93.8447
    F1   53.2372   24.3591  107.8818
    F5   52.0976   65.6217   73.8045
   FT7   31.5508   83.6878   45.1790
   FC3   23.3474   61.7576   91.9827
    C1   -7.6499   33.1453  118.9905
    C5   -6.8557   82.1962   70.0817
   TP7  -29.9802   87.6539   31.8387
   CP3  -42.3272   68.4589   88.9662
    P1  -72.8696   35.3794   89.2710
    P5  -62.8644   75.6993   52.4682
   PO7  -84.0043   62.9331   27.1341
   PO3  -83.7311   48.8948   56.3689
   POz  -95.0497    5.1013   59.0434
   PO4  -94.7235  -21.3032   53.5069
   PO8  -92.2263  -40.2394   33.8609
    P6  -73.2425  -57.7504   53.4377
    P2  -76.9390  -15.9363   86.9933
   CPz  -53.5278    3.0825  110.2877
   CP4  -48.9672  -54.5138   91.4079
   TP8  -45.3822  -73.7552   34.0879
    C6  -15.6327  -78.5030   66.5017
    C2  -15.2135  -35.0383  116.3004
   FC4   15.2789  -57.6583   98.4771
   FT8   13.2540  -81.9118   39.7546
    F6   44.9293  -66.2340   70.0259
   AF8   74.8515  -55.3070   51.4397
   AF4   78.6278  -39.6053   81.8586
    F2   52.7452  -31.0884  105.3690
   FCz -101.1722    4.7725   -8.0707
   nas  109.0011    0.0000    0.0000
   lhj    3.9152   93.8291   -0.0000
   rhj   -3.9152  -93.8291    0.0000
