   Fp1   96.5951   25.1019   57.6221
    Fz   50.4386   -8.7271  102.6277
    F3   47.6782   43.4045   88.5721
    F7   54.1778   69.8666   48.0781
    F9   35.0445   78.4496   -0.8616
   FC5   18.7787   70.6967   63.0071
   FC1   13.4644   25.1943  106.8056
    C3  -14.1660   55.7459   83.8216
    T7    5.6271   82.9423   25.3192
  ECG1   13.8901  130.0872 -188.8242
   CP1  -36.2786   69.2326   39.1395
    Pz  -57.2759   26.5887   90.1225
    P3  -80.1809  -11.3409   62.4066
    P7  -65.6326   46.8816   49.6493
    P9  -50.2206   65.0286    5.4104
    O1  -83.9889   33.8870   -2.4506
    Oz  -91.9336    1.0620   -4.3978
    O2  -90.3230  -29.5811   -9.8006
   P10  -71.4144  -54.4725   49.2479
    P8  -58.0477  -69.2468    1.4608
    P4  -23.6930  -80.0548  -22.6978
   CP2  -41.9406  -76.0632   40.7049
   CP6  -56.2596  -41.4235   87.3921
    T8    8.4601   -6.7862  111.5632
    C4  -17.9920  -67.0852   79.5162
    Cz   -4.6708  -85.0802   19.2984
   FC2   36.8570  -80.4453    2.7077
   FC6   17.0390  -75.2970   61.1569
   F10   12.0063  -40.0374  105.4466
    F8   45.0931  -52.7766   83.8197
    F4   48.7213  -75.3309   36.5603
   Fp2   92.2334  -34.6038   57.6064
   AF7   74.4733   55.4697   53.4803
   AF3   74.6787   32.7999   79.3130
   AFz   79.3619   -2.5896   88.2595
    F1   50.2860   16.6800  100.4808
    F5   50.1598   58.1351   69.0428
   FT7   30.1483   78.7601   38.8987
   FC3   14.9896   52.7371   88.3263
    C1  -19.6341   24.5655  107.2027
    C5   -9.6322   73.5527   52.8601
   TP7  -21.1105   76.1818    7.2985
   CP3  -46.3738   54.3645   69.3659
    P1  -75.0606   26.7738   63.8123
    P5  -54.9805   60.2639   31.4683
   PO7  -65.1383   52.2601    3.2896
   PO3  -85.4334   29.8229   27.1394
   POz  -90.7931   -0.1699   29.4825
   PO4  -92.0174  -31.9700   21.2065
   PO8  -79.1799  -53.1358   -1.8236
    P6  -63.3269  -66.7445   27.2029
    P2  -80.0626  -33.4858   60.6196
   CPz  -60.0591   -9.3759   92.8307
   CP4  -52.1008  -62.5594   69.1059
   TP8  -32.4800  -80.2042    8.8386
    C6  -12.6978  -81.2809   50.4378
    C2  -24.2837  -42.1839  103.1251
   FC4   13.4538  -64.1705   83.8318
   FT8   24.7140  -83.0010   27.5131
    F6   44.0088  -69.2823   62.0646
   AF8   74.3486  -57.1682   47.4294
   AF4   75.8681  -36.7843   78.2178
    F2   47.0305  -36.0029   97.8310
   FCz  -23.7988   -6.5108  111.8009
   nas  117.8951   -0.0000    0.0000
   lhj   12.0991   89.8756    0.0000
   rhj  -12.0991  -89.8756    0.0000
