   Fp1   96.2735   27.7028   76.1612
    Fz   39.9173    0.3183  127.4138
    F3   44.7654   44.5944  106.1287
    F7   53.0068   69.7672   54.4043
    F9   32.4417   80.3695    9.4179
   FC5   14.2278   74.9327   81.5013
   FC1    8.1519   33.3537  127.0584
    C3  -21.4869   65.5704  102.0603
    T7   -2.3969   86.4527   42.6279
  ECG1  -25.7459  -69.1746 -197.1891
   CP1  -46.9006   80.6522   57.8937
    Pz  -65.5736   38.9822  109.2110
    P3  -94.5142    7.1207   83.4207
    P7  -80.3861   60.1601   68.4037
    P9  -56.6023   80.3453   22.8392
    O1  -99.9600   34.9362   18.6923
    Oz -106.8520    5.5874   10.5447
    O2 -110.7909  -16.2627   12.5411
   P10  -91.5700  -44.7457   64.6564
    P8  -72.0385  -61.8569   18.1983
    P4  -42.9038  -71.5346  -10.2680
   CP2  -55.5573  -73.2944   51.1178
   CP6  -68.3242  -35.6210  103.1645
    T8   -1.2742   -7.5512  137.4184
    C4  -34.8270  -65.1422   96.4365
    Cz  -25.2203  -81.6131   35.2491
   FC2   22.6362  -76.3963    6.5769
   FC6    4.6743  -79.9688   65.1753
   F10   -0.0489  -42.0065  123.3572
    F8   36.4100  -59.7209   98.6918
    F4   41.9145  -76.2812   48.8715
   Fp2   91.7518  -41.1137   71.0471
   AF7   77.2177   53.6781   67.6411
   AF3   76.0946   33.0277   97.7077
   AFz   77.7875   -5.1767  111.0255
    F1   40.0440   20.7487  123.2118
    F5   48.4890   60.8910   83.5593
   FT7   26.8143   79.6863   50.5828
   FC3    9.6463   58.6985  107.5762
    C1  -33.3804   37.8402  125.2524
    C5  -11.6615   81.0975   71.9170
   TP7  -34.2770   85.9764   29.1801
   CP3  -58.9963   65.5183   82.0099
    P1  -91.9670   33.5366   79.3258
    P5  -71.0955   72.8548   45.1811
   PO7  -84.6869   58.8495   17.9649
   PO3  -98.4740   36.6301   50.6423
   POz -105.4013   -0.1592   52.3420
   PO4 -102.6791  -24.3882   44.3697
   PO8  -91.4227  -43.2382   18.5897
    P6  -71.3564  -60.5205   37.9209
    P2  -93.9005  -20.2725   80.8235
   CPz  -74.0585    3.5103  111.8066
   CP4  -65.7045  -56.1744   84.4058
   TP8  -48.6049  -75.0804   27.9830
    C6  -26.0185  -79.2655   63.6407
    C2  -38.7271  -40.6830  121.0592
   FC4    3.8634  -65.1741  101.3731
   FT8   12.1804  -81.4158   36.0155
    F6   38.1770  -71.3887   74.4885
   AF8   66.8531  -61.5665   63.7497
   AF4   70.1186  -45.6805   93.8404
    F2   37.6315  -35.4549  118.6767
   FCz  -97.7598   10.6637  -15.7897
   nas  108.3383   -0.0000   -0.0000
   lhj    4.2238   79.6966    0.0000
   rhj   -4.2238  -79.6966    0.0000
