   Fp1   97.1100   29.4791   50.5873
    Fz   57.3368  -12.4395  100.6496
    F3   49.9700   40.9426   85.1930
    F7   49.9157   67.6185   50.4299
    F9   25.1303   81.0336    9.3354
   FC5   15.2256   66.2395   67.8028
   FC1   25.2552   15.9674  113.5199
    C3  -14.5676   44.5702   96.4580
    T7   -7.1278   77.5927   33.5871
  ECG1  -44.3624  106.0942 -161.6020
   CP1  -41.4661   54.9277   60.0557
    Pz  -49.8364    8.1771  104.1744
    P3  -75.6680  -27.2952   77.5633
    P7  -69.3572   30.9519   63.3616
    P9  -59.2240   54.5793   21.5103
    O1  -90.4030   14.5082   18.9809
    Oz  -95.0652  -14.7177   10.2012
    O2  -90.2643  -51.1818    5.4692
   P10  -65.7317  -68.5885   54.3181
    P8  -49.0248  -78.0315    3.7673
    P4  -21.5875  -85.6175  -24.4191
   CP2  -27.7655  -91.0910   35.7839
   CP6  -42.6136  -63.3530   92.1491
    T8   21.2352  -20.7935  116.8734
    C4   -0.1797  -79.8454   76.4354
    Cz   10.0880  -88.4826   12.7610
   FC2   38.1561  -77.4810  -13.0945
   FC6   31.1435  -82.1026   47.1127
   F10   26.3493  -48.0603  103.3426
    F8   58.1428  -59.3318   71.0781
    F4   59.7307  -73.6267   23.7675
   Fp2   98.0716  -32.7157   44.1452
   AF7   72.2623   55.9179   51.8269
   AF3   80.3433   32.1577   73.6384
   AFz   86.5042   -4.3857   80.4035
    F1   54.8482   15.1737  100.6367
    F5   45.3300   58.3362   69.3075
   FT7   18.7662   78.1897   41.0867
   FC3   18.6310   47.6693   92.6952
    C1  -18.1027   18.1748  111.7090
    C5  -14.1915   62.5879   68.2219
   TP7  -37.3687   67.7868   23.3434
   CP3  -46.6501   38.5670   85.7605
    P1  -76.8103   -1.9860   75.5706
    P5  -62.5324   48.4669   41.4304
   PO7  -76.1685   40.7014   10.5774
   PO3  -87.1875   14.2791   43.8145
   POz  -91.7745  -27.9027   39.4753
   PO4  -86.4928  -52.9036   33.6219
   PO8  -74.3377  -62.8424    7.4814
    P6  -52.2540  -81.4949   28.4828
    P2  -70.6284  -51.5889   71.3726
   CPz  -50.1343  -28.1211  104.3884
   CP4  -35.1122  -81.1316   70.9319
   TP8  -20.1354  -88.4671    7.3480
    C6    7.1798  -85.5802   47.8921
    C2   -9.2537  -59.5069  104.3048
   FC4   28.7598  -68.9239   78.9507
   FT8   32.3308  -84.1457   19.3682
    F6   59.3920  -69.8371   50.7790
   AF8   84.6713  -56.1996   31.9818
   AF4   86.6006  -40.1311   64.9204
    F2   56.6461  -38.3030   94.5697
   FCz   -9.2303  -27.4816  117.7332
   nas  107.6144   -0.0000    0.0000
   lhj   -3.9926   91.0655    0.0000
   rhj    3.9926  -91.0655    0.0000
