   Fp1   80.4761   26.8162   68.8540
    Fz   25.3914    2.1208  115.1830
    F3   32.5250   44.3632   99.3154
    F7   48.0170   70.2987   59.8640
    F9   29.5302   81.8403   24.8247
   FC5   15.8406   73.1753   77.3991
   FC1    1.7473   37.0467  112.3384
    C3  -18.2670   64.1816   92.5962
    T7   -1.2950   85.8847   39.0418
  ECG1  -73.4308  124.7848 -156.1002
   CP1  -32.5892   83.2705   50.6248
    Pz  -60.4728   50.6836   94.4051
    P3  -79.8241   13.5361   65.7134
    P7  -67.0142   56.5723   58.1046
    P9  -49.3775   70.5047   17.4145
    O1  -85.8012   39.0399   18.0615
    Oz  -90.9909   15.9397   18.1215
    O2  -78.7306  -30.0387   57.9667
   P10  -68.6119  -56.2637   31.0179
    P8  -44.7734  -67.8843    4.0495
    P4  -53.3073  -61.1160   59.9406
   CP2  -63.9621  -22.4717   93.8533
   CP6   -8.6617    0.5418  119.5396
    T8  -36.0112  -52.5078   94.0369
    C4  -23.7816  -77.3295   45.0014
    Cz    9.6205  -84.8136   26.2586
   FC2   -1.9257  -72.4447   76.9399
   FC6   -8.7296  -21.5199  115.5501
   F10   23.8439  -44.6220  100.9181
    F8   31.4625  -73.3092   64.3345
    F4   73.1652  -36.5455   71.0690
   Fp2   64.4836   53.1695   68.2467
   AF7   57.8134   30.2099   92.2401
   AF3   54.3060   -1.4149   97.1743
   AFz   26.2094   25.7482  111.8078
    F1   40.1058   63.0282   79.5601
    F5   20.3028   81.5218   52.5378
   FT7    7.8952   59.0760   95.1602
   FC3  -30.3820   41.4106  107.0465
    C1   -9.6089   82.4456   64.7253
    C5  -26.3274   80.6753   26.1990
   TP7  -45.2687   66.9199   78.2093
   CP3  -75.0217   39.3302   71.2652
    P1  -55.3721   71.5303   41.1789
    P5  -69.1149   58.7240   24.3888
   PO7  -82.4552   42.9233   41.5530
   PO3  -88.3778   17.4784   44.0300
   POz  -86.5873  -15.0581   41.4896
   PO4  -82.0790  -35.4627   24.7109
   PO8  -72.0293  -45.9596   44.6892
    P6  -80.5788   -9.2301   69.3933
    P2  -62.5350   13.7036   95.7915
   CPz  -61.2135  -46.1142   76.4408
   CP4  -46.9273  -67.1031   31.9669
   TP8  -34.2825  -68.7724   70.3644
    C6  -41.3550  -24.2171  110.2047
    C2   -2.8753  -53.0987   98.6881
   FC4    3.5461  -80.7958   52.3653
   FT8   27.7975  -62.5608   84.2288
    F6   57.2962  -58.5593   68.0060
   AF8   50.1918  -38.3859   92.1107
   AF4   20.6016  -26.2955  109.7431
    F2  -82.7403   15.1245  -15.8603
   FCz  -91.4082  -13.1327   19.3528
   nas   94.6640    0.0000    0.0000
   lhj    8.4356   84.6176   -0.0000
   rhj   -8.4356  -84.6176   -0.0000
