   Fp1   95.3966   29.2948   56.2639
    Fz   40.1708    3.3622   97.1915
    F3   42.0521   42.1281   79.3111
    F7   51.0167   66.1792   37.3177
    F9   34.4070   75.9563    5.3324
   FC5   16.0458   69.8890   50.4807
   FC1    4.0468   33.6570   89.5484
    C3  -17.6774   59.7875   68.2400
    T7   -0.7895   80.7141   12.2197
  ECG1   39.0552  142.7201 -196.8431
   CP1  -32.3332   73.4774   29.1855
    Pz  -57.1234   34.0029   65.7716
    P3  -79.3383    0.8993   44.8136
    P7  -66.7272   50.4826   33.7954
    P9  -56.5632   60.6209   -9.9905
    O1  -80.2448   27.8385  -12.9381
    Oz  -84.8385   -0.5258  -14.6804
    O2  -81.6890  -31.3314  -11.6102
   P10  -72.2779  -43.9095   33.6146
    P8  -53.3826  -66.7977   -4.6950
    P4  -30.0964  -74.3887  -23.5416
   CP2  -37.8663  -72.5795   30.7291
   CP6  -54.1532  -28.3045   72.7067
    T8    4.1565   -1.2566   97.0863
    C4  -21.3633  -58.5348   69.9510
    Cz   -4.2797  -81.3607   18.6237
   FC2   30.6821  -79.8205    6.0657
   FC6   15.8431  -72.0870   54.6322
   F10    1.5046  -32.6309   90.9933
    F8   40.8741  -48.4216   79.8442
    F4   45.9203  -71.0107   40.2070
   Fp2   93.3278  -34.2617   56.7974
   AF7   72.9299   54.4699   46.0862
   AF3   67.9379   36.1835   75.2584
   AFz   73.0281    1.7263   84.1969
    F1   34.3676   26.5774   92.0957
    F5   42.7382   59.7803   61.8034
   FT7   24.8546   75.5803   29.0728
   FC3    9.0785   54.6514   75.8789
    C1  -25.5798   36.9828   82.2712
    C5   -6.3772   75.3272   43.6106
   TP7  -17.9538   78.4141   -2.7814
   CP3  -46.6457   57.5362   54.3011
    P1  -73.8260   30.6663   45.0332
    P5  -61.2539   61.5147   14.6295
   PO7  -69.6988   48.3916  -11.8011
   PO3  -79.5506   34.9307   15.0515
   POz  -85.1978   -0.2274   19.9038
   PO4  -83.0110  -31.3726   15.5068
   PO8  -71.6234  -46.7587   -5.3980
    P6  -59.8144  -60.3071   15.7126
    P2  -75.6974  -26.3482   46.8167
   CPz  -55.4480    1.4081   75.5812
   CP4  -47.4477  -58.2667   56.7071
   TP8  -29.0379  -77.5284    7.0659
    C6  -10.3566  -76.2598   44.0033
    C2  -23.7585  -32.0003   85.3061
   FC4   11.4266  -55.3921   76.0826
   FT8   22.7660  -78.5288   32.1924
    F6   45.5798  -60.5758   65.8526
   AF8   77.0261  -54.2569   51.0417
   AF4   67.7862  -34.2583   78.3530
    F2   37.7206  -26.0062   94.1777
   FCz  -26.8466   -0.9107   91.4228
   nas  119.2720    0.0000    0.0000
   lhj    0.3097   86.1768   -0.0000
   rhj   -0.3097  -86.1768   -0.0000
