   Fp1  101.3426   23.2467   33.5827
    Fz   70.1215   -4.6951   98.8383
    F3   71.1990   43.0597   80.0558
    F7   61.9241   65.4889   34.5741
    F9   33.4982   75.7907    4.0733
   FC5   39.9759   67.7939   63.1550
   FC1   38.0973   30.6170  104.9553
    C3    8.8658   56.1528   93.6167
    T7    7.4475   81.1436   33.7954
  ECG1  -36.1908   99.9075 -142.8292
   CP1  -17.9050   73.6020   58.1827
    Pz  -24.3829   32.5693  106.8966
    P3  -56.3842    1.0624   87.8842
    P7  -46.6791   52.6406   74.4742
    P9  -41.1493   68.9947   33.0376
    O1  -74.5024   38.0840   37.2792
    Oz  -78.7135    7.6532   34.0223
    O2  -80.2491  -16.4499   35.2576
   P10  -57.5379  -43.1577   71.2625
    P8  -50.7145  -63.3595   27.7078
    P4  -36.0127  -70.3378   -4.1709
   CP2  -28.7351  -72.4287   57.6330
   CP6  -26.9238  -39.3832  106.1322
    T8   37.7590   -7.7173  112.0031
    C4    7.5904  -61.6827   87.2568
    Cz   -1.4827  -80.0007   27.5611
   FC2   25.7644  -74.4551   -4.4931
   FC6   32.8753  -73.5077   52.3697
   F10   35.5901  -38.5024  100.9626
    F8   67.4978  -49.9167   74.9439
    F4   55.8132  -67.2209   27.6530
   Fp2   95.5597  -32.7293   33.0584
   AF7   83.1589   51.2294   38.1372
   AF3   88.3501   31.5283   68.7849
   AFz   97.2132   -1.2151   70.2927
    F1   71.3364   23.0850   93.9708
    F5   67.7577   59.1216   58.6183
   FT7   37.0035   76.5833   34.9961
   FC3   40.5325   53.6260   85.8654
    C1    7.5224   32.8855  110.1199
    C5   10.5590   76.0012   62.4020
   TP7  -16.6482   78.0292   36.7915
   CP3  -20.2070   56.3760   90.5161
    P1  -51.0416   30.5812   89.3188
    P5  -45.3049   61.6778   57.8198
   PO7  -67.3380   49.4523   35.1700
   PO3  -69.1758   36.5063   56.3787
   POz  -72.8982    5.1513   61.6891
   PO4  -80.3381  -23.1587   59.7555
   PO8  -72.2844  -44.5279   30.9344
    P6  -51.8943  -58.4463   54.9740
    P2  -55.7528  -25.2545   87.0316
   CPz  -30.0801   -1.4416  111.7360
   CP4  -27.3576  -57.1101   87.6419
   TP8  -33.8425  -75.9537   30.4570
    C6    3.5710  -77.0590   53.4796
    C2    3.9139  -35.8788  110.3456
   FC4   34.8452  -58.3199   83.1769
   FT8   32.0519  -75.9156   26.2562
    F6   64.3939  -61.3441   54.5188
   AF8   77.7006  -53.0857   29.9561
   AF4   86.7511  -38.6965   59.9149
    F2   69.2274  -30.2762   91.5447
   FCz  -83.0353    2.7180    3.4609
   nas  104.7403   -0.0000    0.0000
   lhj    4.1645   80.7197    0.0000
   rhj   -4.1645  -80.7197    0.0000
