   Fp1   89.6381   34.3896   41.5324
    Fz   51.9619    3.3466   96.3025
    F3   45.2572   46.1855   78.7137
    F7   45.7314   67.7447   38.4878
    F9   24.6663   73.3270    5.6989
   FC5   16.2484   67.5315   63.2787
   FC1   11.8217   29.9060   98.9883
    C3  -18.0138   50.3322   83.4387
    T7   -9.7561   77.6628   24.4626
  ECG1  -21.9646   76.7252 -169.1141
   CP1  -40.4881   64.1528   50.6394
    Pz  -52.5598   20.9984   85.6620
    P3  -71.0579  -11.1636   63.5462
    P7  -72.6602   31.0551   55.4533
    P9  -60.0963   54.9854   17.0465
    O1  -80.9279   14.9893    8.9295
    Oz  -81.8273   -9.4756    4.8394
    O2  -78.2420  -37.6956    9.5951
   P10  -57.3464  -54.6619   54.1799
    P8  -46.5601  -65.9280   12.4742
    P4  -22.1592  -75.8694  -15.7405
   CP2  -27.6870  -75.6525   41.2124
   CP6  -43.4682  -37.3153   87.6133
    T8   11.0647   -2.2050  104.0001
    C4   -3.1488  -62.1446   77.6440
    Cz    5.5286  -83.1531   23.8959
   FC2   37.0106  -74.1996   -1.0315
   FC6   28.9304  -72.5296   54.0190
   F10   17.2313  -32.1680   97.6642
    F8   52.7563  -45.4185   77.7268
    F4   57.5692  -64.7514   35.7705
   Fp2   93.9520  -24.5463   44.8116
   AF7   70.6996   54.7902   38.1787
   AF3   70.8044   36.6361   70.1457
   AFz   78.5145    1.6128   78.1317
    F1   46.4875   25.3936   92.9701
    F5   44.3039   57.2958   62.4706
   FT7   20.1300   75.8341   36.0252
   FC3   14.8803   53.8333   80.0416
    C1  -18.7001   32.8661   96.9490
    C5  -10.6564   71.6360   56.8199
   TP7  -33.4904   70.8304   20.5252
   CP3  -46.2695   50.1557   71.8047
    P1  -68.4800   18.4996   65.9614
    P5  -60.1276   52.9369   38.6293
   PO7  -71.6299   39.5430   14.5035
   PO3  -78.1354   18.8334   36.1030
   POz  -80.2791  -11.7862   37.7193
   PO4  -76.2537  -42.2811   30.3508
   PO8  -65.5712  -54.8930    8.9140
    P6  -49.0530  -64.8666   36.3655
    P2  -64.6375  -36.1905   64.3193
   CPz  -47.6377  -11.5734   90.4041
   CP4  -33.5313  -62.7921   69.8787
   TP8  -16.8787  -78.5714   12.1237
    C6    1.0122  -79.5752   50.7281
    C2  -15.9050  -37.3891   96.8481
   FC4   23.3214  -55.0521   81.8081
   FT8   30.9083  -74.2421   27.7648
    F6   57.1333  -57.4327   58.9353
   AF8   80.3050  -47.6070   43.6091
   AF4   77.8816  -27.6380   69.7107
    F2   50.5616  -25.9133   92.8715
   FCz  -77.4049   -9.5919  -26.3957
   nas  106.2982   -0.0000    0.0000
   lhj   -6.9421   84.0702    0.0000
   rhj    6.9421  -84.0702    0.0000
