   Fp1   96.3467   35.3345   54.8305
    Fz   48.1326   -0.2516  114.0297
    F3   51.4746   48.3611   89.0853
    F7   55.7952   69.0667   41.9001
    F9   37.6035   75.1100    2.0990
   FC5   25.4879   73.9261   63.4002
   FC1    8.1163   32.7175  112.1496
    C3  -16.0231   67.5244   87.2070
    T7    1.8774   83.4794   23.8059
  ECG1  -69.0301  134.9938 -154.0292
   CP1  -34.0361   79.3452   47.4395
    Pz  -55.2289   40.8657   90.1192
    P3  -86.4279    7.1536   64.4660
    P7  -71.7052   55.6983   54.0566
    P9  -49.3809   75.7257    9.3849
    O1  -86.9394   30.6831   -3.5921
    Oz  -93.3001    4.4398    0.1756
    O2  -91.3302  -19.4987    0.4766
   P10  -80.3995  -46.1767   51.0943
    P8  -62.9009  -61.9188    1.4563
    P4  -34.9012  -67.2967  -22.2160
   CP2  -48.3337  -72.4583   44.3860
   CP6  -62.3820  -35.1034   91.1761
    T8    6.7068   -5.0650  119.4938
    C4  -26.7108  -66.5272   83.9744
    Cz  -12.3957  -80.9269   19.4859
   FC2   25.9560  -73.5330   -7.7679
   FC6   12.1183  -77.0543   61.3925
   F10    5.1303  -38.6821  109.1201
    F8   47.0584  -52.5842   86.6175
    F4   44.6604  -71.3018   31.9836
   Fp2   91.7586  -38.9129   48.8944
   AF7   81.9718   52.1662   50.2222
   AF3   76.1964   37.6591   80.2909
   AFz   81.8439    1.7434   88.1617
    F1   46.8615   23.2665  108.6852
    F5   53.2602   64.8813   65.6037
   FT7   29.2277   78.2865   35.4673
   FC3   16.0115   61.5417   88.8757
    C1  -25.2161   37.4159  108.6413
    C5   -5.4478   81.4807   55.2710
   TP7  -23.2697   80.5744   16.0958
   CP3  -47.2285   66.6990   72.0821
    P1  -80.9063   32.8740   65.7436
    P5  -60.4973   68.8983   30.3601
   PO7  -68.3462   59.6208    2.1155
   PO3  -87.1640   40.2711   29.4747
   POz  -97.3308    2.2794   34.2307
   PO4  -95.7436  -26.6307   26.7079
   PO8  -81.9379  -42.2959    2.1741
    P6  -71.7606  -57.4746   32.0023
    P2  -85.1900  -26.1446   64.5685
   CPz  -64.6436    1.7412   97.7679
   CP4  -56.9234  -60.2555   70.5120
   TP8  -39.3258  -73.7714    9.7402
    C6  -18.7503  -79.6964   52.4911
    C2  -28.0310  -38.5580  107.4766
   FC4    7.4625  -63.6484   89.6214
   FT8   17.9721  -79.1745   27.9032
    F6   43.4773  -68.4827   62.2002
   AF8   75.9126  -53.5548   42.3952
   AF4   69.4923  -41.7865   75.4453
    F2   42.0024  -33.9555  104.8588
   FCz  -29.1749   -1.8404  117.8437
   nas  108.6704   -0.0000    0.0000
   lhj   10.0551   85.0358    0.0000
   rhj  -10.0551  -85.0358    0.0000
