   Fp1   87.8762   18.3384   72.0019
    Fz   36.3288   -9.8969  117.1927
    F3   44.5938   32.4277   99.2865
    F7   53.2107   61.1033   57.5944
    F9   32.1610   79.4068   12.4798
   FC5   20.2060   63.5279   75.8202
   FC1   13.6162   24.3986  115.1507
    C3  -16.9251   51.8329   98.2552
    T7    1.4987   79.7220   41.1743
  ECG1  -86.2760  179.5736 -153.0122
   CP1  -36.2584   72.1993   57.6514
    Pz  -55.1441   31.2718  103.0042
    P3  -86.6963    4.4725   81.3624
    P7  -71.0901   54.9947   67.2826
    P9  -62.0772   73.5484   17.8210
    O1  -92.7890   44.8624   17.1750
    Oz -102.8492    8.8641   16.7349
    O2  -99.5805  -26.2434   12.0939
   P10  -82.5859  -41.6386   64.0701
    P8  -71.9225  -59.3745   15.5271
    P4  -42.1748  -71.8122  -11.9473
   CP2  -55.1262  -64.5397   52.3532
   CP6  -68.3244  -37.1957   97.4786
    T8    1.5138   -5.4830  126.2036
    C4  -34.6569  -56.1473   90.0273
    Cz  -21.8851  -77.9758   30.5215
   FC2   18.2785  -77.6670    5.9034
   FC6    4.3983  -71.1348   67.5322
   F10   -1.5787  -28.9713  114.1210
    F8   29.0499  -51.4722   91.7059
    F4   34.3452  -74.3049   47.3756
   Fp2   84.0110  -35.4697   66.6221
   AF7   73.5770   40.4556   66.0542
   AF3   69.6341   18.1055   92.0673
   AFz   64.1225   -6.1644  102.3090
    F1   40.1583    7.2176  111.8352
    F5   47.2462   50.6285   80.0854
   FT7   29.8209   71.5422   50.3703
   FC3   17.6885   40.3158  102.1550
    C1  -23.7054   31.5309  114.4931
    C5  -12.9046   73.4816   66.4005
   TP7  -31.0560   82.5275   27.8677
   CP3  -46.5157   58.1700   85.2340
    P1  -80.4861   26.8126   84.0219
    P5  -63.7397   68.1189   46.4996
   PO7  -73.3976   61.7832   10.0447
   PO3  -95.0602   36.6197   47.3570
   POz -100.2853    8.2756   50.2016
   PO4  -97.5384  -19.1544   42.9250
   PO8  -91.8981  -42.8359   17.2141
    P6  -79.4976  -55.3024   42.7675
    P2  -83.4437  -19.3605   80.6055
   CPz  -65.5851    0.5224  106.0003
   CP4  -61.1882  -54.1972   79.8092
   TP8  -46.5046  -74.3827   21.3371
    C6  -28.5742  -72.4339   60.2860
    C2  -35.0467  -35.5489  113.4371
   FC4   -0.0604  -57.9598   94.8375
   FT8   11.0094  -80.8932   41.1593
    F6   32.1129  -68.3975   70.5457
   AF8   61.2918  -54.6933   62.5216
   AF4   56.9028  -40.7264   90.0100
    F2   31.0660  -22.7425  110.4184
   FCz  -89.9027    8.4079  -22.0423
   nas  108.6927   -0.0000    0.0000
   lhj    7.1540   92.0378    0.0000
   rhj   -7.1540  -92.0378    0.0000
