   Fp1   75.3975   34.0643   69.4021
    Fz   24.3080   -1.4900  113.1864
    F3   27.7499   43.6478   95.9245
    F7   38.1030   69.4178   52.8399
    F9   22.5764   77.5979    8.5047
   FC5    2.0482   72.4580   71.4949
   FC1  -11.4572   29.2997  108.1112
    C3  -38.2157   63.9726   83.6683
    T7  -13.9928   82.9467   26.0046
  ECG1  -34.2895  103.7195 -163.4105
   CP1  -50.6184   74.6238   47.4023
    Pz  -75.0780   30.9996   86.8024
    P3  -97.7255   -6.2767   59.6198
    P7  -90.8678   43.4993   46.5398
    P9  -69.8774   62.8651    6.9580
    O1  -95.4841   30.4740  -10.5581
    Oz -100.5810   -2.2796  -10.7957
    O2  -97.1423  -29.0193   -7.1688
   P10  -88.8833  -48.3520   44.3619
    P8  -64.6693  -65.5549   -1.9417
    P4  -36.7531  -70.5802  -19.2434
   CP2  -54.8434  -75.3576   37.1404
   CP6  -76.0901  -39.1132   81.1236
    T8  -14.0502  -11.9628  116.6175
    C4  -36.4916  -66.6674   82.4513
    Cz  -13.8545  -83.2496   21.9042
   FC2   23.0298  -75.7776    3.5763
   FC6   -0.5012  -77.2244   63.4990
   F10  -14.1827  -41.0674  109.4393
    F8   27.1290  -52.4485   93.6950
    F4   35.0201  -71.6754   42.5944
   Fp2   77.7482  -33.5359   65.6268
   AF7   55.6057   52.0329   68.7997
   AF3   52.5876   32.5364   93.5536
   AFz   54.8378   -0.9769  101.2785
    F1   19.8361   22.6049  110.6114
    F5   30.9393   62.0150   77.1443
   FT7   11.9382   80.0832   41.1411
   FC3   -6.2526   55.3631   94.5622
    C1  -46.2863   27.0936  106.8168
    C5  -25.7849   78.5842   60.6676
   TP7  -33.9845   80.8145   19.7054
   CP3  -65.2392   56.8688   73.3301
    P1  -94.7589   22.5999   62.0804
    P5  -77.9781   62.4153   35.9643
   PO7  -86.6670   50.2583   -1.8258
   PO3  -98.3946   36.8819   20.7114
   POz -103.6891    2.5061   28.2334
   PO4 -102.1164  -31.7491   17.7362
   PO8  -86.5847  -48.1897   -6.2621
    P6  -71.8993  -64.6103   26.0069
    P2  -96.0053  -27.3595   57.8606
   CPz  -79.5146   -4.4625   90.1694
   CP4  -65.5515  -64.6319   63.5227
   TP8  -42.4070  -76.0230   11.5976
    C6  -27.2402  -82.2018   48.6600
    C2  -44.6075  -37.6834  103.2735
   FC4   -8.3937  -64.4522   88.5261
   FT8   12.0543  -79.0248   32.4056
    F6   33.5111  -66.2010   70.6580
   AF8   60.6918  -55.4329   55.0283
   AF4   55.0559  -39.6642   87.3902
    F2   22.1482  -31.2031  108.9884
   FCz  -48.3105   -3.9007  111.1200
   nas  103.8092    0.0000    0.0000
   lhj    1.5213   86.6635    0.0000
   rhj   -1.5213  -86.6635    0.0000
