   Fp1   98.4343   25.4854   40.7966
    Fz   58.0463   65.8325   41.3003
    F3   61.4342   40.9884   87.6779
    F7   55.3276   -8.5304  103.5670
    F9   27.7779   75.8373    8.6842
   FC5   30.7368   68.2538   69.2010
   FC1   28.6520   28.2806  111.8764
    C3   -0.7406   54.8888   94.5697
    T7    3.4468   77.1206   37.4760
  ECG1  -73.2051   98.2452 -133.4600
   CP1  -24.1362   67.3564   63.1287
    Pz  -36.7907   26.3752  106.4230
    P3  -68.5808    0.9623   89.5630
    P7  -53.8445   44.8672   77.4988
    P9  -55.4653   65.9675   33.2288
    O1  -91.9511   28.1870   32.0199
    Oz  -98.4869   -0.3651   29.4506
    O2  -92.3063  -23.2395   29.8345
   P10  -64.7044  -43.8905   72.9558
    P8  -58.5602  -62.5407   28.0522
    P4  -36.7030  -68.7060   -1.3468
   CP2  -32.8175  -70.7731   57.2319
   CP6  -38.6599  -29.7644  105.7639
    T8   26.4139   -1.3350  119.6595
    C4   -5.9472  -54.4198   93.4271
    Cz   -4.7676  -77.5941   32.6600
   FC2   26.3947  -78.1045    5.2445
   FC6   26.0813  -74.4656   62.9052
   F10   22.3385  -33.9984  111.0808
    F8   58.4175  -49.0492   83.1123
    F4   51.3702  -69.7577   39.3237
   Fp2   97.9300  -32.3821   36.3607
   AF7   80.8986   51.8911   41.9236
   AF3   85.0521   28.8623   72.4476
   AFz   88.1493   -6.7479   76.7762
    F1   64.2704   24.2876   97.8929
    F5   57.7923   55.4267   68.1829
   FT7   28.2562   76.8867   39.3911
   FC3   31.1600   48.2116   96.2792
    C1   -4.7498   27.5377  115.1062
    C5    1.5598   71.7435   66.7142
   TP7  -26.0802   74.3031   32.8717
   CP3  -32.2793   52.9543   89.2853
    P1  -65.6000   24.7376   89.7297
    P5  -57.3686   58.3707   58.6948
   PO7  -86.1451   48.5818   35.6704
   PO3  -78.6265   32.3281   60.0609
   POz  -84.5048    0.7088   64.3677
   PO4  -82.8462  -31.1902   55.8415
   PO8  -77.5069  -49.6313   32.7427
    P6  -58.5815  -60.7953   53.1175
    P2  -65.1701  -24.6445   88.1429
   CPz  -40.1414   -1.9253  113.2413
   CP4  -34.3661  -55.7351   86.4511
   TP8  -26.9442  -74.4676   29.4237
    C6   -3.6753  -77.6688   58.3905
    C2   -8.9304  -36.0010  111.6574
   FC4   29.2679  -59.9771   90.4375
   FT8   28.5496  -78.1819   33.6952
    F6   55.6471  -62.5388   63.6889
   AF8   79.0055  -54.3715   39.8097
   AF4   84.7642  -36.3784   68.9831
    F2   59.8180  -28.4549  101.6520
   FCz  -93.2643    1.1889   -3.1306
   nas  107.6641    0.0000    0.0000
   lhj   -0.8803   85.1233   -0.0000
   rhj    0.8803  -85.1233   -0.0000
