   Fp1   88.5019   28.1088   68.3588
    Fz   40.6599    4.2708  112.0190
    F3   39.9471   48.7740   96.6769
    F7   52.2711   70.8163   54.7979
    F9   35.9591   82.2454    4.9693
   FC5   19.5843   81.2061   64.6131
   FC1    8.4229   39.4472  111.0307
    C3  -21.3337   66.5648   85.6039
    T7    3.2351   85.8096   28.9661
  ECG1  -53.7643  189.5084 -179.1505
   CP1  -34.8766   80.9072   39.3350
    Pz  -59.5239   40.5294   90.4342
    P3  -86.9066   10.2081   65.3442
    P7  -69.4337   61.8708   51.8879
    P9  -51.9485   78.9629    2.2853
    O1  -94.3212   36.3043   -3.8820
    Oz  -97.9785   13.5777   -0.1124
    O2  -97.6915  -16.1346   -0.6555
   P10  -86.6971  -38.2322   43.3556
    P8  -67.4851  -55.4933    5.1901
    P4  -40.4376  -65.9019  -17.3893
   CP2  -50.6135  -59.9770   47.4884
   CP6  -67.1037  -21.6764   84.5038
    T8   -3.3339    0.5736  116.3899
    C4  -24.4629  -56.5853   80.7703
    Cz  -13.3744  -74.1605   28.6584
   FC2    0.3204  -87.6285   13.2939
   FC6    5.5903  -68.9856   72.6572
   F10   -0.1195  -28.7302  108.4595
    F8   32.6014  -46.1021   92.5528
    F4   40.6230  -70.9201   42.6093
   Fp2   80.7885  -36.0177   64.9398
   AF7   73.1417   54.2208   60.8042
   AF3   67.7471   32.2791   92.5728
   AFz   67.8949    1.5399   97.6791
    F1   40.4090   27.7515  108.9400
    F5   44.3368   64.9173   75.4460
   FT7   29.7229   82.1349   43.9008
   FC3   11.8675   62.4890   90.5351
    C1  -26.3148   41.9575  107.1196
    C5  -10.4481   83.3960   57.2548
   TP7  -24.8541   83.5570   11.8607
   CP3  -49.3064   66.3219   72.1788
    P1  -81.9320   37.3026   62.2318
    P5  -57.8677   73.4125   26.2070
   PO7  -68.9681   66.0865    2.0746
   PO3  -91.9687   42.5156   28.5192
   POz  -99.7271   14.7717   31.9686
   PO4  -97.6773  -17.2076   27.6465
   PO8  -94.9323  -40.9274    8.3816
    P6  -76.6244  -49.8289   27.0869
    P2  -87.4491  -12.9156   60.0171
   CPz  -67.4579    7.1521   88.8126
   CP4  -61.0861  -47.8807   69.0500
   TP8  -45.3040  -66.3479   13.9251
    C6  -21.4001  -69.1175   53.7266
    C2  -33.0389  -20.9724  103.4033
   FC4   -1.3471  -52.0948   97.4567
   FT8    7.7320  -76.5435   33.7286
    F6   32.4162  -64.8332   68.0662
   AF8   62.6682  -57.7183   48.3667
   AF4   61.7851  -38.6173   83.9432
    F2   32.6119  -32.4498  103.2656
   FCz  -35.3608    1.9023  107.4479
   nas  106.9236   -0.0000    0.0000
   lhj    8.2707   86.0159    0.0000
   rhj   -8.2707  -86.0159    0.0000
