   Fp1  103.0660   31.1412   61.1719
    Fz   65.4275   -6.9983  111.9222
    F3   59.0801   48.6347   97.3766
    F7   63.6647   70.7165   54.2938
    F9   41.5464   82.1592    4.3604
   FC5   28.9697   74.3157   71.4791
   FC1   31.1392   27.1129  118.9461
    C3   -1.3201   56.7321  102.6232
    T7   15.1663   83.7995   30.4807
  ECG1  -37.9421  189.6703 -155.2798
   CP1  -28.6995   76.2736   66.5700
    Pz  -44.2810   33.6289  109.7006
    P3  -71.1913   -1.1583   88.6486
    P7  -64.8669   52.5430   76.1079
    P9  -46.2651   75.8484   25.0998
    O1  -84.9221   41.3779   24.0626
    Oz  -93.5359   10.7108   16.9889
    O2  -87.5347  -13.4185   18.9211
   P10  -67.3035  -45.1143   62.8368
    P8  -58.8139  -51.9803   16.8329
    P4  -30.9302  -60.4679  -12.6709
   CP2  -38.8328  -69.5056   47.2202
   CP6  -45.6690  -37.0478  104.6654
    T8   33.7865  -15.0706  119.1464
    C4   -4.1620  -66.4080   91.8809
    Cz    1.1870  -78.4909   28.5207
   FC2   34.8511  -72.3377   -5.1889
   FC6   28.5586  -79.8795   61.1975
   F10   31.8790  -44.4481  111.9964
    F8   64.6543  -61.5062   86.0679
    F4   53.4160  -76.2954   31.8714
   Fp2  104.5121  -40.7784   50.3951
   AF7   82.3265   58.8566   57.1734
   AF3   88.9553   32.4990   84.3751
   AFz   99.3452  -15.0670   82.6277
    F1   61.3538   20.2501  111.9441
    F5   60.1407   63.7948   77.5376
   FT7   41.6786   79.9470   43.5459
   FC3   30.5158   55.0128  101.7936
    C1   -6.7491   28.0873  118.4380
    C5    6.3299   78.4538   68.8817
   TP7  -14.4027   83.1832   27.6904
   CP3  -33.8355   61.4998   93.0868
    P1  -67.1615   31.5645   91.9703
    P5  -51.8458   71.7890   52.1694
   PO7  -64.8081   66.9910   18.3680
   PO3  -80.4764   41.6322   54.1336
   POz  -85.0649    5.7938   56.0737
   PO4  -83.3401  -18.2574   46.4383
   PO8  -76.4722  -36.8327   20.8771
    P6  -61.8165  -52.3698   43.4823
    P2  -71.5010  -26.2062   81.3534
   CPz  -47.8735   -3.6589  113.6618
   CP4  -42.6500  -59.3201   84.4021
   TP8  -34.9903  -67.9522   17.4035
    C6   -8.2365  -77.6192   58.5335
    C2   -7.5023  -46.4961  109.9792
   FC4   24.8821  -65.7260   91.0698
   FT8   29.4084  -81.2187   29.1868
    F6   57.0975  -75.2806   59.7068
   AF8   84.4913  -62.2907   39.8954
   AF4   91.3842  -50.8611   68.0508
    F2   66.9483  -40.0691  104.8309
   FCz   -9.6523  -12.1416  125.0721
   nas  124.3219   -0.0000    0.0000
   lhj    3.3834   83.8602   -0.0000
   rhj   -3.3834  -83.8602    0.0000
