   Fp1   99.8314   31.4862   56.1510
    Fz   50.4744    1.4350  111.3793
    F3   53.6905   47.2388   91.1611
    F7   54.7732   71.2294   48.8205
    F9   30.9478   82.9651   14.7109
   FC5   24.2192   73.5401   74.8432
   FC1   18.2078   35.5986  111.4154
    C3   -8.3610   63.8336   93.2882
    T7    0.1836   86.5211   37.0940
  ECG1  -25.2454  116.4890 -148.8207
   CP1  -32.6645   78.8803   60.1631
    Pz  -43.7742   39.6237  103.6879
    P3  -78.3389   11.5749   81.8174
    P7  -62.6383   58.6254   69.4059
    P9  -53.4198   73.6863   25.0736
    O1  -92.9184   40.1844   21.6782
    Oz  -96.1877   15.3320   23.5273
    O2  -96.6653  -15.0555   21.3413
   P10  -73.6695  -36.2331   68.1579
    P8  -64.1831  -55.1039   25.3224
    P4  -41.5636  -65.0438   -2.1771
   CP2  -40.9828  -68.2176   58.6024
   CP6  -50.5816  -25.2451  101.6988
    T8   17.7900   -2.0474  117.4680
    C4  -13.7905  -55.1343   93.4556
    Cz   -9.8309  -79.9532   35.8024
   FC2   26.2877  -78.4087   12.6937
   FC6   18.2400  -71.6419   70.2762
   F10   13.3532  -33.5557  107.7097
    F8   47.6561  -47.5175   89.3713
    F4   46.1511  -71.8321   47.9143
   Fp2   99.6960  -32.3234   56.6730
   AF7   77.5426   56.1695   55.2095
   AF3   76.8336   37.0325   82.8782
   AFz   80.5195    1.7053   91.5343
    F1   50.0924   27.6409  105.5208
    F5   55.2219   63.6523   71.2972
   FT7   28.9499   82.8683   46.7908
   FC3   21.9026   56.2787   94.6876
    C1  -17.1453   39.0372  112.2837
    C5   -4.3163   80.9433   67.2848
   TP7  -25.2179   83.6854   26.7209
   CP3  -39.8266   69.1159   82.1200
    P1  -71.5680   38.1561   83.5346
    P5  -59.8146   73.8834   56.7443
   PO7  -74.1214   60.1569   29.2088
   PO3  -85.2210   42.9628   51.3124
   POz  -90.5066   13.5860   56.7796
   PO4  -91.4136  -19.2428   50.6548
   PO8  -81.1954  -37.0035   25.0216
    P6  -63.8507  -55.3158   47.4208
    P2  -77.9943  -15.2997   78.1189
   CPz  -49.9668    5.3835  108.7732
   CP4  -48.6543  -48.2279   85.3201
   TP8  -38.3658  -69.7036   28.5775
    C6  -11.0933  -75.6350   64.7238
    C2  -20.0697  -29.0038  110.8219
   FC4   16.7725  -54.1883   92.4735
   FT8   19.6469  -80.6905   40.2140
    F6   50.7864  -60.8360   72.1818
   AF8   77.6027  -54.1702   56.2178
   AF4   78.0780  -34.5176   81.8284
    F2   46.0198  -24.6121  107.1026
   FCz  -19.1843    3.1900  119.8932
   nas  110.0039    0.0000    0.0000
   lhj    0.3307   89.9028    0.0000
   rhj   -0.3307  -89.9028    0.0000
