   Fp1   92.9397   32.7426   46.7230
    Fz   56.5189   -7.9682  100.9470
    F3   55.4172   37.5183   85.1611
    F7   49.2334   64.1279   41.8761
    F9   24.3052   74.5035    5.2203
   FC5   24.9116   61.2685   69.5035
   FC1   24.5425   22.1629  104.5035
    C3   -6.8734   50.4352   89.9366
    T7   -1.7082   73.9807   31.6976
  ECG1  -71.2306  178.2808 -166.9317
   CP1  -32.8062   62.8033   61.7253
    Pz  -38.9060   18.8528  101.3252
    P3  -68.5962  -14.9699   77.7412
    P7  -65.3349   38.4342   68.9337
    P9  -61.8163   50.0720   24.7793
    O1  -89.1634   18.8594   17.3602
    Oz  -89.3213   -7.8631   16.5308
    O2  -87.1153  -39.2378   11.9306
   P10  -62.6743  -56.7395   59.2754
    P8  -49.3386  -67.3509    9.8743
    P4  -27.7744  -70.0020  -18.1472
   CP2  -28.4332  -80.5322   42.0994
   CP6  -38.4288  -46.9268   93.7781
    T8   23.1015  -15.0413  110.9832
    C4   -3.7163  -71.8875   73.8358
    Cz    6.4132  -83.5037   15.5139
   FC2   35.1713  -76.3588   -8.7038
   FC6   28.4887  -77.5713   51.6448
   F10   23.0216  -46.6162   98.8396
    F8   56.8000  -55.3118   76.0145
    F4   56.2455  -73.2181   24.8038
   Fp2   95.6335  -40.1695   41.2222
   AF7   78.5760   47.7533   43.7164
   AF3   78.1585   31.3879   73.5547
   AFz   87.5054   -8.4194   76.6413
    F1   55.6261   13.5570   97.9904
    F5   51.8044   53.9023   64.5677
   FT7   27.2544   70.3527   39.4217
   FC3   25.0562   44.3452   91.4585
    C1  -10.1286   17.1555  111.4426
    C5   -2.6230   66.1460   62.2863
   TP7  -29.1664   69.3058   26.7566
   CP3  -38.9891   44.6940   86.8439
    P1  -66.7157    7.8784   82.6394
    P5  -60.7472   54.2638   52.5954
   PO7  -77.0345   44.1152   19.8206
   PO3  -82.0789   20.1067   47.7488
   POz  -83.2987   -9.9802   48.8606
   PO4  -78.7338  -44.2559   38.2280
   PO8  -73.4168  -51.1134   12.7970
    P6  -53.6270  -69.3077   35.3832
    P2  -63.2249  -43.7504   73.5867
   CPz  -43.8661  -14.1449   99.4933
   CP4  -34.7411  -68.6796   70.8668
   TP8  -22.4154  -79.2208   14.9322
    C6    2.9306  -82.4171   45.8828
    C2   -6.6905  -47.7805  103.3576
   FC4   26.6630  -66.4834   77.0327
   FT8   33.4051  -81.8524   17.5134
    F6   54.7142  -66.0704   55.9635
   AF8   80.0624  -57.2779   35.6443
   AF4   80.9810  -43.5204   67.4441
    F2   53.6931  -36.8276   94.2305
   FCz   -9.4667  -17.7182  112.9539
   nas  110.4646    0.0000    0.0000
   lhj    2.7525   86.0705    0.0000
   rhj   -2.7525  -86.0705    0.0000
