   Fp1   87.1327   31.9577   47.5238
    Fz   38.1820   14.9068  101.7545
    F3   41.2564   55.8774   81.9166
    F7   48.0598   74.4892   40.7987
    F9   20.3586   78.6845    1.2923
   FC5   17.5127   77.4724   62.1297
   FC1   10.8481   45.0647  101.7405
    C3  -20.9182   66.0013   82.3902
    T7   -5.7551   84.1236   25.3866
  ECG1  -49.1849  165.1928 -202.8918
   CP1  -40.4944   75.7643   45.1521
    Pz  -57.5387   40.6927   86.0614
    P3  -79.1443    7.1584   70.8322
    P7  -68.3526   52.0698   54.1364
    P9  -56.1045   66.3558   11.4904
    O1  -82.6423   34.7979   22.5764
    Oz  -93.0426   -0.0517   20.2404
    O2  -82.2848  -23.8496   25.3774
   P10  -72.5194  -37.3851   63.3064
    P8  -57.6198  -60.5665   31.6957
    P4  -35.7028  -75.2361    9.5071
   CP2  -41.4586  -66.1689   65.2411
   CP6  -55.7643  -16.9258   95.5263
    T8   11.5369   17.8528  107.5656
    C4  -20.6587  -47.8822   98.1299
    Cz  -11.8365  -80.2885   47.5606
   FC2   21.2251  -83.7629   31.3597
   FC6   11.6378  -67.5576   81.5851
   F10    9.3731  -21.4704  110.1143
    F8   43.2226  -35.7593   96.2847
    F4   45.2485  -69.0629   61.7745
   Fp2   84.8713  -28.5357   57.8771
   AF7   66.9870   59.2615   44.2287
   AF3   65.2071   42.2487   73.3139
   AFz   68.5099    9.3578   85.8849
    F1   38.2059   33.2421   96.5921
    F5   43.7703   66.2801   65.7721
   FT7   21.1979   82.6979   35.4409
   FC3   10.4086   63.2281   84.8899
    C1  -23.3843   47.5268   98.7431
    C5  -12.5537   81.2544   55.8615
   TP7  -30.7648   77.1462   15.7466
   CP3  -49.0109   64.6807   69.8943
    P1  -74.1329   34.6857   67.1526
    P5  -67.2298   64.8263   39.9268
   PO7  -74.8132   50.1533   10.7801
   PO3  -79.8076   37.8495   40.8299
   POz  -86.2680    5.9943   46.1611
   PO4  -84.1488  -22.8426   44.5863
   PO8  -74.6108  -45.5227   28.6404
    P6  -66.8061  -53.5526   52.1859
    P2  -77.4388  -18.1573   68.8243
   CPz  -58.5178    9.3234   95.3997
   CP4  -51.2072  -46.8544   83.5068
   TP8  -35.3723  -72.5558   42.3729
    C6  -15.4919  -72.0148   76.7086
    C2  -29.4570  -19.6178  110.4128
   FC4    9.4556  -47.4763   99.6663
   FT8   17.8336  -79.7089   56.4704
    F6   44.3260  -56.7475   82.7800
   AF8   68.0863  -51.4519   65.4559
   AF4   67.5454  -24.7591   82.8318
    F2   38.0092  -14.2120  104.8870
   FCz  -83.0987   -6.0880  -13.1449
   nas   93.8820   -0.0000    0.0000
   lhj   -4.5865   86.3889    0.0000
   rhj    4.5865  -86.3889    0.0000
