   Fp1   99.7135   27.9855   62.1371
    Fz   53.6223    1.0575  115.7865
    F3   52.5971   48.7716   94.0120
    F7   52.9890   67.6417   50.7875
    F9   24.9989   78.5448    8.1420
   FC5   23.9942   73.8528   72.5049
   FC1   20.8771   33.2757  116.6434
    C3  -12.7995   65.1276   97.2702
    T7   -3.9724   83.4517   40.0743
  ECG1  -55.4587   97.5730 -136.9923
   CP1  -39.0062   77.7054   62.6757
    Pz  -43.1764   35.1581  112.8021
    P3  -73.2173    3.4246   97.0169
    P7  -71.0800   49.9472   77.3750
    P9  -56.0695   72.4670   30.7815
    O1  -99.9624   30.6246   35.2855
    Oz -102.8595    0.6530   33.2974
    O2 -101.5526  -20.9872   34.6206
   P10  -73.3942  -44.5058   82.1079
    P8  -67.1201  -68.2780   39.4233
    P4  -46.8154  -82.2917   11.7332
   CP2  -45.0215  -74.8579   72.7791
   CP6  -45.2004  -26.3560  115.1015
    T8   24.5499    3.7866  122.9654
    C4  -14.4284  -59.0116  105.5120
    Cz  -15.3925  -85.9210   49.3631
   FC2   16.9744  -82.9632   18.8880
   FC6   14.9544  -77.6047   76.1719
   F10   17.0843  -30.4109  120.6254
    F8   48.2777  -49.7020   98.0962
    F4   44.3680  -72.9734   54.5168
   Fp2   95.9108  -34.0094   63.4246
   AF7   77.0006   53.6273   59.5933
   AF3   80.5435   36.0181   85.7634
   AFz   81.8746    1.7049   98.5960
    F1   53.2813   25.9690  108.4253
    F5   52.4132   61.9554   72.8768
   FT7   26.3375   79.1769   44.8032
   FC3   21.0451   58.9654   99.1223
    C1  -11.8442   33.8638  119.6443
    C5   -6.1115   80.8028   67.7790
   TP7  -34.9221   80.6792   36.7905
   CP3  -42.1701   60.6124   95.1087
    P1  -72.7727   31.1592   93.0994
    P5  -66.1993   66.4871   57.5436
   PO7  -87.8595   52.0667   38.8810
   PO3  -91.6480   33.9833   58.8259
   POz  -93.9222    3.4358   60.4061
   PO4  -94.4493  -23.2652   62.3965
   PO8  -86.0721  -50.0448   41.2045
    P6  -70.7929  -61.9435   61.3891
    P2  -75.9797  -26.9708   92.9577
   CPz  -46.8574    1.8971  116.2620
   CP4  -47.2732  -59.0474   97.7858
   TP8  -41.8882  -84.2035   39.7338
    C6  -14.5430  -81.4843   74.1340
    C2  -17.1242  -36.7690  119.9484
   FC4   15.8890  -58.2433  103.2985
   FT8   12.1141  -84.5975   51.3648
    F6   43.6744  -66.5693   76.6526
   AF8   70.7993  -57.7389   57.2048
   AF4   79.8710  -37.3758   86.4278
    F2   53.2194  -31.2587  109.2447
   FCz  -99.8188    2.4443    1.7900
   nas  108.9961   -0.0000    0.0000
   lhj    0.4275   88.6614    0.0000
   rhj   -0.4275  -88.6614    0.0000
