   Fp1   96.3289   27.3935   40.1587
    Fz   60.0716    1.2562  105.8573
    F3   60.0728   47.4774   84.2516
    F7   58.7985   66.9124   38.6225
    F9   31.6926   74.7940    3.4536
   FC5   30.8695   71.0180   63.9046
   FC1   27.4241   34.3004  107.3278
    C3   -0.0292   62.9550   87.6822
    T7    2.6440   80.3672   27.7703
  ECG1  -44.3208  107.3488 -165.4362
   CP1  -27.2403   74.0382   55.3340
    Pz  -39.7602   37.7757  101.2881
    P3  -67.6847    3.9598   81.8476
    P7  -55.8332   51.5575   66.5061
    P9  -49.4067   68.1862   17.6320
    O1  -82.5990   30.9074   19.0235
    Oz  -86.7641    4.7830   21.1013
    O2  -89.6821  -20.3103   25.6565
   P10  -66.3437  -38.3372   68.9000
    P8  -58.3315  -64.5392   26.5968
    P4  -36.1524  -76.8736   -0.4510
   CP2  -38.2295  -70.0067   60.1334
   CP6  -43.0549  -27.3534  105.8944
    T8   24.8785   -2.1467  114.6454
    C4   -9.8074  -58.3815   93.2036
    Cz   -6.4499  -83.1241   36.8016
   FC2   23.9000  -77.7307   12.4216
   FC6   20.5067  -72.6168   66.1371
   F10   20.1688  -31.3355  109.0124
    F8   54.2939  -48.9701   84.1412
    F4   46.0162  -69.5336   43.7065
   Fp2   92.8111  -31.8520   46.5479
   AF7   80.1321   50.3671   43.6675
   AF3   83.3066   34.0795   72.4914
   AFz   87.2596   -1.5362   80.2512
    F1   57.9352   29.0898  100.5510
    F5   60.6716   59.5913   64.5692
   FT7   31.6368   77.0223   35.8621
   FC3   27.7833   57.6002   87.4723
    C1   -6.4975   38.7921  109.8454
    C5    3.2803   75.9459   60.9939
   TP7  -23.6728   76.5299   26.3403
   CP3  -27.6592   62.6037   80.8094
    P1  -61.5093   34.7507   79.8628
    P5  -51.6270   67.6381   46.9392
   PO7  -69.3585   50.1184   23.6168
   PO3  -74.0224   39.0600   46.5752
   POz  -80.3268    6.7446   50.8154
   PO4  -81.2167  -25.1416   49.0672
   PO8  -77.0861  -47.3156   26.7714
    P6  -66.9126  -58.2301   63.3482
    P2  -68.5190  -22.2233   78.9839
   CPz  -43.2984    4.1170  106.5222
   CP4  -41.9216  -54.0308   87.5602
   TP8  -34.8896  -78.2326   28.9421
    C6   -8.1206  -76.4089   65.7777
    C2  -12.2792  -34.8059  111.8874
   FC4   22.7204  -55.1885   91.5632
   FT8   18.1969  -80.8081   36.4434
    F6   52.6505  -61.4813   67.5836
   AF8   74.4254  -54.1325   45.0093
   AF4   79.9948  -33.8168   73.9126
    F2   53.3889  -24.8921  103.0415
   FCz  -86.8849    0.8445   -5.5273
   nas  102.1553   -0.0000    0.0000
   lhj   -1.3139   82.1417    0.0000
   rhj    1.3139  -82.1417    0.0000
