   Fp1   96.0294   29.4466   64.4531
    Fz   51.6658   -3.8004  113.5210
    F3   48.8783   43.3886   98.2587
    F7   48.7369   69.3721   54.4624
    F9   23.3396   80.4005   12.3007
   FC5   15.9489   73.8829   71.3715
   FC1   13.7224   25.4611  117.1708
    C3  -18.2407   57.3591  100.2120
    T7  -11.7014   86.2980   38.8943
  ECG1  -56.7795  163.7226 -143.9506
   CP1  -48.0322   73.5503   64.9236
    Pz  -52.5740   25.6022  109.3206
    P3  -77.0866  -10.9270   85.8923
    P7  -75.1036   44.7623   74.3651
    P9  -69.0089   69.1287   28.1548
    O1 -108.8636   21.0892   27.6723
    Oz -107.8361    0.7784   22.3076
    O2  -97.7120  -32.4685   20.6854
   P10  -73.6261  -54.0846   67.1876
    P8  -62.8072  -74.3370   21.5947
    P4  -35.9650  -79.5924   -5.7659
   CP2  -41.5628  -80.4942   59.9932
   CP6  -47.1345  -42.5500  103.8434
    T8   13.6833   -8.7110  119.3142
    C4  -13.3566  -66.5799   92.3768
    Cz   -5.6918  -87.1449   30.8346
   FC2   28.2615  -79.2049    5.9490
   FC6   18.3212  -78.1368   62.1211
   F10   16.6381  -38.4168  113.6347
    F8   51.0330  -52.5354   91.2441
    F4   51.6744  -70.5208   45.1838
   Fp2   96.5343  -34.4823   59.2450
   AF7   70.5427   55.0088   60.8096
   AF3   75.6954   35.4062   86.4441
   AFz   80.8145   -1.1830   97.0422
    F1   48.4762   20.9028  108.2837
    F5   47.3809   61.2169   75.7773
   FT7   18.8390   81.8261   44.2222
   FC3   12.2419   57.4066   97.5301
    C1  -16.2878   26.2473  118.0746
    C5  -18.7610   78.8866   67.6944
   TP7  -39.9166   80.7541   31.7541
   CP3  -48.5125   57.1824   91.8448
    P1  -77.2280   20.8740   86.6741
    P5  -69.4922   64.8045   52.2449
   PO7  -85.3791   54.6377   23.8799
   PO3  -96.3772   23.5073   53.5628
   POz  -96.1266   -4.0912   55.0999
   PO4  -91.1767  -33.7651   46.1301
   PO8  -82.3580  -56.5838   26.2468
    P6  -69.4395  -67.5903   39.5987
    P2  -74.7960  -33.5589   80.3437
   CPz  -52.3157  -10.6352  109.3508
   CP4  -43.8495  -69.1984   83.1412
   TP8  -34.0585  -83.4708   27.4849
    C6   -8.6524  -84.3216   59.8508
    C2  -16.8063  -44.7255  112.0277
   FC4   20.3521  -60.9378   95.9223
   FT8   23.5549  -81.4605   39.0476
    F6   51.9226  -67.5880   61.8921
   AF8   79.3243  -53.3470   52.2186
   AF4   80.5616  -37.5051   82.0352
    F2   50.4503  -33.4026  105.1655
   FCz  -96.6620   -0.5929   -8.0355
   nas  109.7971    0.0000   -0.0000
   lhj   -3.0613   93.9963    0.0000
   rhj    3.0613  -93.9963    0.0000
