   Fp1   97.4088   27.2894   38.2913
    Fz   62.7563    0.1715  100.5944
    F3   61.9565   50.0765   78.7097
    F7   59.8920   67.2687   34.0060
    F9   36.4332   74.1838    1.6250
   FC5   35.1249   71.9044   59.4623
   FC1   29.9921   36.0601  100.9509
    C3    2.0194   62.1530   85.7391
    T7    7.4876   83.2437   23.3861
  ECG1  -16.1335  148.5468 -186.0283
   CP1  -24.9470   77.9305   52.2149
    Pz  -32.8469   45.6108   96.6550
    P3  -64.2117   11.4805   81.5072
    P7  -55.2275   56.6410   62.9094
    P9  -40.4893   72.7182   11.6719
    O1  -77.2862   37.4855   19.8582
    Oz  -85.5709   11.2386   22.0694
    O2  -86.0062  -14.5477   22.5649
   P10  -68.3761  -36.3286   66.2092
    P8  -57.8638  -65.5623   28.5351
    P4  -42.2719  -73.9493   -2.8783
   CP2  -36.0159  -70.9356   54.1028
   CP6  -41.7728  -26.0892  105.8980
    T8   27.4277    2.3420  112.3500
    C4   -6.5608  -56.7413   89.3686
    Cz   -6.0091  -81.6722   30.4632
   FC2   21.2671  -77.3882    6.6409
   FC6   22.4476  -71.0462   62.3494
   F10   23.8928  -30.4269  105.2794
    F8   55.0718  -48.7028   82.6620
    F4   44.8329  -69.3641   38.1785
   Fp2   89.7758  -37.8773   41.8851
   AF7   81.8765   50.8695   35.2017
   AF3   84.5002   34.5496   68.3420
   AFz   88.8924   -1.2262   75.0572
    F1   61.6389   27.9355   94.8370
    F5   64.5971   57.3884   62.8567
   FT7   35.1748   77.9550   30.5606
   FC3   33.7443   56.2276   85.2279
    C1   -0.8369   41.6630  104.3117
    C5    7.5733   79.4704   54.7808
   TP7  -23.1491   81.8538   15.5404
   CP3  -30.3402   64.0999   79.2810
    P1  -61.7140   38.8505   76.9279
    P5  -49.4709   68.5711   38.3966
   PO7  -64.3291   56.1676   16.9171
   PO3  -71.9826   41.7702   45.5007
   POz  -80.6045   11.7727   48.9727
   PO4  -81.1691  -18.1711   46.1499
   PO8  -77.3452  -43.2510   23.5674
    P6  -61.4209  -56.5143   47.7713
    P2  -67.2284  -17.5599   78.6517
   CPz  -43.0701    9.9429  104.0318
   CP4  -43.5320  -51.2212   84.4862
   TP8  -38.8800  -74.5390   28.5293
    C6   -8.5379  -74.2596   63.0815
    C2  -11.0688  -27.1394  111.9750
   FC4   23.9510  -54.7132   87.3873
   FT8   21.9333  -78.6985   34.5239
    F6   52.8332  -60.9635   64.5041
   AF8   75.8881  -54.3486   39.8744
   AF4   79.3848  -36.6464   70.3345
    F2   54.8471  -28.5741   97.3311
   FCz  -83.6612    8.1068  -17.1530
   nas  103.5687   -0.0000    0.0000
   lhj    3.6285   83.2067   -0.0000
   rhj   -3.6285  -83.2067    0.0000
