   Fp1   89.4665   39.7652   47.5448
    Fz   44.0266    8.3352  115.3508
    F3   45.6857   57.0059   84.7755
    F7   44.7247   69.8462   37.0827
    F9   24.0120   74.4450   -3.6275
   FC5   13.6794   76.1746   56.3424
   FC1    5.1850   43.6968  109.8809
    C3  -20.5402   70.8009   86.1253
    T7   -6.6660   82.1213   17.7957
  ECG1  -77.7980  137.3196 -163.7504
   CP1  -42.6007   76.8927   44.4211
    Pz  -61.1494   41.8265  100.4027
    P3  -91.4053    6.3075   74.2621
    P7  -77.5688   55.5951   61.6459
    P9  -62.0550   67.8944    7.2749
    O1  -98.6317   24.7521    3.4422
    Oz -102.7452   -2.3783    9.4952
    O2  -98.1515  -30.5846   13.4660
   P10  -82.3422  -49.9405   61.4303
    P8  -65.0278  -67.2206   21.4389
    P4  -36.9160  -69.5426  -16.2248
   CP2  -48.8022  -74.7833   55.8340
   CP6  -63.8941  -32.3768  105.1792
    T8    3.5793    2.8279  125.4074
    C4  -20.5695  -64.0058   97.1519
    Cz   -9.2526  -83.6390   30.1566
   FC2   25.7979  -74.1819    9.7734
   FC6   13.4317  -73.6363   72.4088
   F10    7.9488  -31.6268  119.3233
    F8   48.0423  -46.6462   94.9389
    F4   45.5634  -65.8282   45.9773
   Fp2   91.1562  -29.8034   53.0953
   AF7   71.1204   55.8918   41.9004
   AF3   70.8434   43.1679   75.4680
   AFz   79.0919    8.6276   88.8343
    F1   43.2567   36.7338  106.1493
    F5   45.3423   67.6851   63.5016
   FT7   18.5702   77.2182   24.9279
   FC3   11.3871   63.1119   90.6429
    C1  -32.9329   41.9740  112.7941
    C5  -12.6455   79.7516   55.6683
   TP7  -34.9932   77.3890   12.3997
   CP3  -52.7315   65.8271   75.8536
    P1  -88.4163   28.4499   75.6679
    P5  -70.4417   67.7902   32.0997
   PO7  -85.3966   48.9889    7.3713
   PO3  -96.4956   34.1138   38.2531
   POz -101.5758    2.9659   45.6709
   PO4  -97.1763  -32.3756   42.9306
   PO8  -89.9742  -48.6761   19.2684
    P6  -78.2406  -61.7070   44.2767
    P2  -89.7464  -22.8322   77.0349
   CPz  -66.9525    6.4897  107.5955
   CP4  -55.8243  -59.4572   86.5812
   TP8  -40.8972  -78.8002   27.8628
    C6  -16.1413  -78.3777   66.6230
    C2  -29.4290  -33.1152  119.4453
   FC4    9.2835  -56.3485  100.3429
   FT8   19.5528  -77.5696   34.2341
    F6   45.9639  -60.9285   73.9905
   AF8   72.4776  -51.5597   48.1719
   AF4   74.0759  -32.5304   80.3103
    F2   46.3806  -25.0480  111.6788
   FCz  -30.9270    6.0226  127.1164
   nas  101.8444    0.0000    0.0000
   lhj   -0.5111   83.9832    0.0000
   rhj    0.5111  -83.9832    0.0000
