   Fp1   90.7461   34.0182   55.9222
    Fz   48.3575    2.6259  110.4264
    F3   46.2460   47.7251   94.0212
    F7   50.8630   69.5079   47.9592
    F9   28.6211   78.2748   13.6825
   FC5   18.2711   72.4363   75.7301
   FC1   10.6861   29.8403  113.0811
    C3  -19.7959   57.6010   95.6014
    T7    0.5181   80.8754   35.2375
  ECG1 -114.8019  101.5464 -119.8577
   CP1  -37.6679   70.4419   58.4813
    Pz  -58.3224   25.4072   94.4902
    P3  -75.7644   -4.9054   65.6735
    P7  -68.7840   46.9080   61.7405
    P9  -55.2182   63.7856   24.1702
    O1  -85.0063   30.9811   14.5919
    Oz  -84.4931    2.8704    7.7860
    O2  -83.6862  -24.3845   10.9593
   P10  -65.7329  -44.1746   53.9045
    P8  -50.0764  -64.2529   16.2600
    P4  -29.9892  -69.6017   -8.4661
   CP2  -36.0635  -70.9686   48.5840
   CP6  -52.4574  -34.3262   94.2766
    T8    8.3847   -5.8392  119.5095
    C4  -26.1573  -50.7098   95.8234
    Cz   -8.9296  -77.1006   61.1628
   FC2   29.8343  -74.7550   13.0975
   FC6   20.6842  -74.8565   66.5072
   F10    9.5628  -35.3662  109.5251
    F8   47.4770  -45.7876   90.9417
    F4   49.8069  -67.6054   47.6553
   Fp2   90.8738  -30.1069   58.3161
   AF7   73.5410   55.5398   54.4851
   AF3   71.8329   38.3676   82.9319
   AFz   76.8473    0.7978   92.5656
    F1   44.8261   27.8676  109.6786
    F5   47.1612   60.2345   78.0629
   FT7   24.3622   78.4183   46.7448
   FC3   15.5808   51.4805   99.5183
    C1  -23.4558   35.1025  111.6707
    C5   -7.1030   73.6089   69.1134
   TP7  -32.3824   76.5975   27.3096
   CP3  -48.3968   56.4749   82.1220
    P1  -73.5544   25.8465   71.3383
    P5  -60.7737   58.4342   45.2136
   PO7  -73.4885   50.1433   20.4631
   PO3  -82.4333   31.7937   42.7879
   POz  -82.0114    4.1348   39.4024
   PO4  -77.7519  -25.3423   29.5284
   PO8  -72.8257  -45.7550   15.4432
    P6  -59.2941  -56.6654   39.0204
    P2  -71.1688  -26.5703   64.9581
   CPz  -55.4088   -6.3529   97.3346
   CP4  -44.5207  -57.7543   75.7589
   TP8  -31.4698  -72.7447   19.9993
    C6   -5.0148  -80.2033   31.5025
    C2  -14.7986  -62.0750   86.1990
   FC4  -21.5954  -37.5033  108.6906
   FT8   17.8715  -58.5374   91.3081
    F6   24.9826  -76.0724   42.0311
   AF8   48.5903  -60.9465   72.3625
   AF4   70.7759  -54.2751   53.7848
    F2   75.3863  -32.0432   82.1035
   FCz  -69.3517   10.1140  -29.2218
   nas  107.2901   -0.0000    0.0000
   lhj   -1.0659   76.8109    0.0000
   rhj    1.0659  -76.8109    0.0000
