   Fp1   94.2137   28.0761   48.7728
    Fz   43.0318   -2.4381  101.0338
    F3   47.1864   39.3048   83.5028
    F7   55.2466   63.9489   35.2587
    F9   41.3878   72.1216   -2.4134
   FC5   28.9338   64.3921   58.8358
   FC1   13.8007   27.3154  103.0636
    C3  -11.2266   61.4514   78.9814
    T7    9.6680   77.3916   21.5807
  ECG1  -59.4789  174.8408 -186.4464
   CP1  -32.5456   73.2562   40.3056
    Pz  -51.9046   34.8949   86.2683
    P3  -77.6548    1.0869   65.4188
    P7  -69.8012   53.0252   49.5665
    P9  -49.1023   68.1720    8.4164
    O1  -87.5723   28.3913   -1.3088
    Oz  -90.9761    4.4113    2.6891
    O2  -90.5086  -19.0844    1.5338
   P10  -72.6194  -43.4024   46.9404
    P8  -58.8480  -59.7251    5.0989
    P4  -30.8425  -64.2439  -27.1008
   CP2  -46.5964  -70.9721   38.1860
   CP6  -54.9965  -32.4051   83.1861
    T8    5.0311   -2.9977  106.9758
    C4  -22.4347  -61.3282   75.4371
    Cz   -7.9270  -78.1027   19.9040
   FC2   25.7293  -75.9653   -8.9094
   FC6   14.4446  -72.2468   58.6262
   F10    8.1219  -33.3904   99.3783
    F8   41.9651  -51.6380   80.9366
    F4   45.7458  -73.5349   32.1329
   Fp2   87.5048  -41.5157   48.2343
   AF7   80.3744   45.8361   45.4187
   AF3   76.2287   23.6837   76.1857
   AFz   74.7348   -6.8476   84.1314
    F1   45.3255   20.8843   97.8195
    F5   56.0303   51.3382   64.8736
   FT7   33.3087   72.9137   29.1774
   FC3   19.6637   54.9358   81.9596
    C1  -17.6869   31.7683   99.8621
    C5   -0.8660   74.2606   48.8571
   TP7  -20.1892   75.6380    6.8393
   CP3  -44.4338   63.0658   65.6757
    P1  -74.3689   30.9404   62.9988
    P5  -56.6258   68.1870   34.7231
   PO7  -68.1225   56.5873    3.4950
   PO3  -81.3414   41.0513   28.8213
   POz  -89.0572    2.5882   33.5312
   PO4  -86.6411  -22.4142   29.3913
   PO8  -80.1740  -40.4047   -0.5191
    P6  -66.3972  -55.7426   32.8086
    P2  -77.3145  -21.3309   59.3058
   CPz  -55.1242    3.8817   90.6433
   CP4  -50.6296  -55.1297   66.9632
   TP8  -36.8968  -70.6611   15.2836
    C6  -20.7671  -73.9161   42.7563
    C2  -20.3229  -31.1391   98.8450
   FC4    9.6587  -58.5849   80.9978
   FT8   19.3672  -80.5789   22.8575
    F6   43.2960  -65.3261   59.6118
   AF8   69.1422  -60.6075   39.4661
   AF4   69.3915  -42.6134   73.7978
    F2   40.4907  -30.3942   95.7657
   FCz  -22.6898    3.7073  106.0245
   nas  111.3561   -0.0000    0.0000
   lhj    7.9155   82.4477    0.0000
   rhj   -7.9155  -82.4477    0.0000
