   Fp1   96.4669  -30.9630  -47.0262
    Fz   49.9008   -1.9688 -101.9926
    F3   49.1402  -46.0730  -83.1564
    F7   55.8709  -66.9360  -37.3808
    F9   31.3779  -72.4463   -1.9641
   FC5   26.9310  -69.2381  -60.0528
   FC1   18.4187  -31.9205 -104.1801
    C3   -9.0716  -57.6687  -85.7771
    T7   -2.9116  -75.7693  -23.4933
  ECG1   -9.8773  -83.1619  153.2330
   CP1  -31.2682  -71.7348  -46.2458
    Pz  -44.2180  -29.6187  -97.4642
    P3  -76.3760   -2.3678  -74.2351
    P7  -65.3607  -48.7135  -57.8522
    P9  -49.1014  -68.1102  -17.0977
    O1  -86.0284  -34.0896  -11.8362
    Oz  -90.0719   -7.7937  -14.8655
    O2  -85.0239   27.0455  -14.6401
   P10  -66.9385   44.9456  -62.5296
    P8  -52.4275   61.6999  -19.1346
    P4  -29.1730   73.1817   11.9926
   CP2  -36.0954   69.2281  -50.2584
   CP6  -47.6568   31.0601  -98.4511
    T8   11.8467    0.3741 -112.9601
    C4   -7.5434   56.6593  -85.9283
    Cz   -6.7277   80.4983  -22.0059
   FC2   24.8877   74.7730   -2.1796
   FC6   24.1469   72.3613  -57.6592
   F10   18.5713   31.3327 -104.0568
    F8   51.3212   47.2878  -82.3481
    F4   52.9381   68.5481  -34.0472
   Fp2   94.7723   32.0656  -49.7880
   AF7   79.4064  -53.2327  -41.6275
   AF3   77.2336  -35.4386  -73.6448
   AFz   80.9618   -3.5455  -79.5972
    F1   50.6227  -25.4481  -97.2933
    F5   54.4452  -62.1010  -60.6381
   FT7   27.6075  -74.3299  -29.1207
   FC3   24.4153  -54.3808  -83.6663
    C1  -14.5369  -31.8844 -105.9975
    C5   -5.7767  -74.6120  -54.8974
   TP7  -26.8549  -73.4002  -11.7414
   CP3  -37.8240  -59.1879  -71.1322
    P1  -62.7153  -40.2460  -83.9159
    P5  -56.2617  -60.3100  -40.0472
   PO7  -75.3409  -51.0841  -10.3271
   PO3  -83.5527  -32.8060  -36.6385
   POz  -87.4331   -3.4938  -46.7992
   PO4  -81.3385   32.5361  -40.0446
   PO8  -71.4750   50.2375  -17.3223
    P6  -52.6648   58.6434  -39.0026
    P2  -73.8678   26.9871  -72.7506
   CPz  -47.2216    2.9139 -103.0399
   CP4  -38.6659   58.3702  -75.3591
   TP8  -26.2299   74.2207  -16.8499
    C6   -6.3446   74.8813  -57.5872
    C2  -18.9338   31.0191 -106.8607
   FC4   21.6123   53.8313  -87.3197
   FT8   25.8831   76.0023  -33.1385
    F6   51.7285   62.5964  -61.6161
   AF8   78.5062   53.0907  -45.1655
   AF4   79.8682   35.8528  -69.4346
    F2   50.8716   26.6171  -97.9566
   FCz  -82.4849   -0.9523   21.2850
   nas  106.7526    0.0000    0.0000
   lhj   -0.1008   80.7681    0.0000
   rhj    0.1008  -80.7681    0.0000
