   Fp1   99.2747   33.2679   57.2797
    Fz   59.0702   -1.2604  114.2269
    F3   54.7330   49.6035   91.6867
    F7   52.4222   72.8225   48.5595
    F9   25.5549   80.1708    2.5261
   FC5   17.7713   73.8063   69.8995
   FC1   25.8476   32.2007  115.1872
    C3  -11.3579   57.8426   97.2764
    T7   -4.9404   80.6094   37.3658
  ECG1  -36.8920  168.4296 -185.8984
   CP1  -40.2848   74.2014   57.6265
    Pz  -46.8949   26.3510  110.9961
    P3  -74.7123   -6.4734   87.2263
    P7  -70.1576   50.6425   72.3811
    P9  -58.6193   66.6170   18.7859
    O1  -93.2609   26.0327   21.5447
    Oz  -93.4971   -4.9027   21.9601
    O2  -90.6859  -26.4689   16.9503
   P10  -63.2546  -51.6451   68.8636
    P8  -49.1639  -65.2704   21.2752
    P4  -24.6126  -70.7128   -6.5934
   CP2  -30.1929  -75.1949   59.3527
   CP6  -40.0676  -41.0212  106.7137
    T8   23.9098    0.1040  123.0624
    C4   -5.7612  -61.0405   96.5635
    Cz    4.8323  -80.6640   34.1481
   FC2   39.1443  -76.3357    7.6461
   FC6   29.5527  -75.9092   67.3063
   F10   28.4335  -37.2839  114.3958
    F8   59.1791  -55.3181   91.2383
    F4   59.5241  -72.3547   40.9306
   Fp2  101.9411  -28.5256   60.1948
   AF7   75.9045   60.5906   54.4668
   AF3   81.2285   39.9086   82.6356
   AFz   89.4400    0.8725   89.7957
    F1   55.8122   30.0200  108.7453
    F5   47.1622   66.5169   71.8800
   FT7   22.3947   80.3745   37.1322
   FC3   21.7083   56.9632   92.6261
    C1   -9.4574   30.4673  117.9313
    C5   -9.6629   76.8774   65.0367
   TP7  -28.8570   78.0550   25.4312
   CP3  -41.0838   59.7013   88.1598
    P1  -75.4458   20.8707   86.5667
    P5  -60.4451   65.4500   48.6939
   PO7  -77.0966   53.8266   21.2830
   PO3  -88.0771   29.7066   52.1870
   POz  -90.2504   -5.9221   52.0388
   PO4  -80.2263  -38.4546   50.1002
   PO8  -73.8754  -47.0551   24.0010
    P6  -52.7919  -64.0330   44.6062
    P2  -68.2947  -32.8344   85.2476
   CPz  -49.6355   -9.3624  114.8198
   CP4  -31.6717  -65.5390   97.0210
   TP8  -21.6218  -73.5562   22.9452
    C6   -0.6693  -77.9040   62.4499
    C2   -5.9129  -34.2133  118.5996
   FC4   29.5413  -55.5299   98.4516
   FT8   35.2196  -81.4985   40.8081
    F6   60.3726  -66.4034   70.4932
   AF8   85.2220  -54.0492   52.9338
   AF4   84.7575  -37.7587   82.4794
    F2   57.2486  -29.5397  111.0563
   FCz  -12.0169   -5.3157  125.2229
   nas  116.3845   -0.0000   -0.0000
   lhj   -1.4962   83.4601   -0.0000
   rhj    1.4962  -83.4601    0.0000
