   Fp1   85.7944  -31.3085  -62.9291
    Fz   36.1037   -0.2742 -103.9766
    F3   33.8448  -43.2571  -88.0809
    F7   44.4410  -69.5936  -48.7547
    F9   23.3195  -77.6330   -9.8682
   FC5   12.7570  -70.8477  -69.0299
   FC1    3.7832  -28.1609 -103.6414
    C3  -22.2551  -58.1022  -83.0621
    T7   -6.4220  -79.8636  -25.5603
  ECG1  -44.9357  -97.9493  131.0182
   CP1  -35.6373  -72.5835  -42.0533
    Pz  -57.0551  -33.4357  -79.9583
    P3  -74.6356    1.8768  -56.4422
    P7  -69.2805  -45.0083  -45.9782
    P9  -52.5118  -65.1799   -3.0850
    O1  -84.0072  -24.8671   -0.1248
    Oz  -83.5020   -2.5321   -3.2427
    O2  -83.7232   21.5442    2.1066
   P10  -70.1641   43.6045  -42.9643
    P8  -56.2918   57.1226   -6.1207
    P4  -30.1639   69.3462   11.8040
   CP2  -38.8004   67.3936  -41.3001
   CP6  -55.0246   33.2799  -82.3218
    T8   -1.1678    2.4747 -107.0224
    C4  -20.6663   62.6580  -83.5141
    Cz   -8.3175   77.1180  -30.5885
   FC2   23.0806   78.7862  -15.4348
   FC6   12.2648   73.0892  -63.2552
   F10    3.3810   28.7554 -101.7735
    F8   37.9149   47.6703  -86.4594
    F4   44.9475   67.8022  -47.2412
   Fp2   87.3912   33.2122  -61.8948
   AF7   67.2153  -51.7491  -58.4147
   AF3   61.4904  -33.2450  -85.5012
   AFz   65.9026   -2.0252  -91.6171
    F1   32.3486  -23.0326 -100.5264
    F5   39.2953  -61.7394  -68.3273
   FT7   19.7217  -78.6979  -35.0208
   FC3    9.4638  -55.1051  -85.5991
    C1  -31.6517  -31.2083  -98.7127
    C5  -12.4693  -77.0953  -53.3098
   TP7  -26.8568  -75.8632  -13.5796
   CP3  -48.3095  -56.5382  -66.0846
    P1  -73.0183  -27.2981  -56.6032
    P5  -57.4876  -60.3550  -32.9124
   PO7  -68.9288  -50.1634   -4.0665
   PO3  -78.8693  -34.4760  -25.3109
   POz  -83.3001   -4.0861  -29.2616
   PO4  -75.9848   26.7379  -24.1905
   PO8  -66.5520   46.1076   -8.6382
    P6  -61.4518   55.3669  -31.9075
    P2  -75.6672   24.0024  -53.9909
   CPz  -59.3551    3.2732  -82.6362
   CP4  -49.1875   54.4946  -64.9440
   TP8  -31.8654   70.7618  -17.4273
    C6  -15.0415   75.3058  -51.4389
    C2  -29.2598   29.9844 -100.3048
   FC4    9.0050   55.7258  -86.6348
   FT8   18.0788   77.4477  -36.2217
    F6   41.3493   60.7965  -69.2974
   AF8   68.8428   54.3944  -53.8195
   AF4   64.8310   38.5393  -79.1742
    F2   35.1793   27.0426 -101.2142
   FCz  -78.2317   -6.7273   27.4822
   nas  107.2116    0.0000    0.0000
   lhj    1.2002   80.7419    0.0000
   rhj   -1.2002  -80.7419    0.0000
