   Fp1  102.4136   14.7499   73.8859
    Fz   54.9071  -18.4673  115.6040
    F3   52.3529   32.6069  102.0945
    F7   60.1686   58.5511   65.9163
    F9   38.2864   78.3691   26.8396
   FC5   28.7248   62.0051   79.8271
   FC1   18.5460   17.9916  122.3309
    C3  -11.9446   46.4437  103.0214
    T7    3.0050   76.2020   44.2470
  ECG1  -61.8121  192.3350 -143.2181
   CP1  -28.1391   68.4490   59.6173
    Pz  -50.6080   22.2997  107.0714
    P3  -81.5389  -13.2248   75.7132
    P7  -65.1195   46.4250   66.1204
    P9  -43.9932   70.1470   23.9166
    O1  -84.0779   35.5390   14.1323
    Oz  -91.9467    2.5538   12.3138
    O2  -86.2799  -29.6711    0.0474
   P10  -74.1077  -55.8537   50.7423
    P8  -52.6262  -68.3223    1.5160
    P4  -16.8760  -80.4168  -10.1011
   CP2  -35.9475  -85.4898   43.0274
   CP6  -58.6894  -46.7777   94.1187
    T8   12.8365  -19.3596  125.9760
    C4  -18.8287  -73.4260   84.3427
    Cz  -11.7929  -87.7689   27.0390
   FC2   18.3852  -80.6396  -23.4541
   FC6   14.9406  -87.3383   56.7496
   F10   14.2090  -59.7892  110.0855
    F8   44.7688  -63.8800   93.0836
    F4   47.5175  -85.4376   42.1701
   Fp2   97.3090  -46.5147   69.5514
   AF7   81.9059   38.8884   74.4051
   AF3   80.0554   17.0600   99.8497
   AFz   82.0729  -20.1710  104.8248
    F1   52.2469    2.0391  116.1056
    F5   57.2242   44.9699   86.2959
   FT7   36.3823   71.1856   48.9227
   FC3   19.3444   41.3598  106.7668
    C1  -18.9571   18.3799  120.8810
    C5   -2.2209   66.7919   73.4866
   TP7  -15.2902   76.4661   34.5852
   CP3  -42.4440   47.4351   90.6440
    P1  -74.2016   19.3966   84.9896
    P5  -56.1554   59.0609   51.5076
   PO7  -69.0005   54.0359   18.6685
   PO3  -85.3523   31.8897   45.8997
   POz  -91.6548   -5.4530   50.0620
   PO4  -85.8153  -38.1968   36.0821
   PO8  -71.5844  -51.2428   10.6951
    P6  -62.0353  -66.5181   28.8659
    P2  -79.1647  -36.5280   73.0270
   CPz  -54.1821  -13.7062  108.8226
   CP4  -47.3186  -69.3535   73.4168
   TP8  -21.3995  -83.4008   16.0222
    C6   -9.1443  -90.8451   56.3085
    C2  -10.0598  -42.1124  121.4156
   FC4   -3.1088  -88.5965   73.7649
   FT8   32.8975  -85.8529   -3.0461
    F6   46.5645  -78.4739   68.6785
   AF8   42.1321  -45.4325  111.0426
   AF4   77.0774  -50.7916   89.4373
    F2   78.4752  -66.5944   58.3109
   FCz  -76.0551    7.4774  -13.5348
   nas  124.8144    0.0000    0.0000
   lhj   24.4322   81.7863    0.0000
   rhj  -24.4322  -81.7863    0.0000
