   Fp1  106.7338  -27.8193  -56.3411
    Fz   72.3183    9.5807 -106.5634
    F3   65.8591  -46.0605  -94.4672
    F7   64.4811  -70.7787  -50.8947
   FT9   28.1923  -85.5247  -18.7364
   FC5   38.8235  -73.9908  -81.0721
   FC1   48.4683  -22.7199 -117.8895
    C3    2.3731  -59.7056 -112.0158
    T7    6.4911  -88.3369  -54.5516
  ECG1  -39.9561 -106.1055  109.6969
   CP5  -25.0500  -81.7820  -79.3477
   CP1  -29.5211  -30.7142 -127.2406
    Pz  -67.5689   -6.0848 -107.5083
    P3  -58.1084  -59.7647  -96.2645
    P7  -46.9540  -80.2576  -48.2031
    O1  -94.0279  -41.1429  -50.9250
    Oz -102.3720  -21.6800  -48.3264
    O2 -101.6353   18.2940  -42.1809
    P4  -66.0407   46.8858  -82.7518
    P8  -68.2243   56.0407  -37.6912
  TP10  -51.0052   67.1810   -5.5601
   CP6  -40.8171   68.3766  -62.3490
   CP2  -35.2592   33.3606 -118.6865
   FCz   38.8782    5.7146 -122.2588
    C4   -4.2445   60.8391  -98.6203
    T8  -12.3826   76.3179  -38.3516
   FT8   17.6361   75.0537    0.8577
   FC6   21.0842   74.2010  -59.2949
   FC2   35.0422   43.3957 -110.6831
    F4   64.2690   58.4411  -82.2998
    F8   47.1205   73.2982  -33.8724
   Fp2  100.7030   41.3757  -52.8091
   AF7   91.3099  -50.4236  -53.5133
   AF3   99.1649  -26.9017  -76.2729
   AFz   96.8776    6.9595  -83.5660
    F1   73.0154  -14.7521 -106.4919
    F5   63.8322  -63.2648  -74.0258
   FT7   33.3331  -83.4290  -51.7451
   FC3   40.3652  -51.7451 -105.1085
    C1    9.6938  -27.3862 -128.3582
    C5    2.4219  -80.4669  -80.7947
   TP7  -25.4004  -86.9322  -50.2246
   CP3  -30.0945  -65.6558 -106.3994
    P1  -61.7491  -34.3675 -107.5115
    P5  -57.7665  -71.1837  -73.9402
   PO7  -79.0989  -60.4769  -48.3122
   PO3  -84.3600  -40.6940  -79.7373
   POz  -88.7272  -11.5247  -81.4101
   PO4  -92.4383   21.0444  -69.5013
   PO8  -84.7966   39.2587  -41.8208
    P6  -71.1939   51.9912  -64.4294
    P2  -67.6620   24.8025 -101.7390
   CPz  -33.5712   -0.9769 -128.6219
   CP4  -39.3246   57.0102  -94.5331
   TP8  -34.0973   79.9160  -41.7490
    C6   -8.6447   76.3423  -63.3416
    C2   -0.7009   30.1585 -122.6471
   FC4   28.2408   63.6556  -88.8099
  FT10   15.6023   76.9977  -30.4580
    F6   49.3560   68.1832  -58.9012
   AF8   78.3701   59.5151  -40.6611
   AF4   86.9704   45.4736  -70.8782
    F2   67.5094   35.7227  -99.5637
    Iz  -99.6170  -23.2123  -13.9564
   nas  107.2804    0.0000    0.0000
   lhj   -8.1948   86.8258    0.0000
   rhj    8.1948  -86.8258    0.0000
