   Fp1   97.4469  -17.5065  -75.3736
    Fz   46.2248   22.0679 -115.1778
    F3   50.2132  -29.0069 -101.8339
    F7   59.9611  -57.4306  -63.5863
   FT9   36.7499  -79.2630  -25.4545
   FC5   25.2032  -61.2834  -79.3884
   FC1   19.0934  -16.7047 -119.9002
    C3  -14.5726  -45.5241 -102.4195
    T7   -1.4585  -75.3304  -45.5503
  ECG1  -56.7759 -186.0523  127.5511
   CP5  -29.7169  -69.6374  -58.2116
   CP1  -53.0453  -17.9994 -108.2657
    Pz  -82.0097    9.8180  -79.4078
    P3  -67.9239  -45.9913  -68.4474
    P7  -45.9310  -72.0293  -26.3363
    O1  -87.4383  -38.2215  -12.7169
    Oz  -95.8588   -3.7094   -6.4660
    O2  -88.8315   29.0191    1.0411
    P4  -73.4580   58.3496  -48.9813
    P8  -55.5854   67.7645    1.1266
  TP10  -39.3468   70.6239   21.2974
   CP6  -42.6024   84.3883  -35.7233
   CP2  -58.0416   52.3607  -90.2210
   FCz   16.1579   23.0722 -122.0311
    C4  -17.8861   76.5476  -79.9949
    T8  -15.3086   87.3496  -24.1158
   FT8   17.1753   90.7375    1.3581
   FC6   14.7612   85.6902  -57.3997
   FC2    7.9153   67.0188 -103.7367
    F4   43.5356   68.2471  -84.1469
    F8   49.8464   83.8406  -37.0103
   Fp2   95.4562   50.0201  -68.6939
   AF7   78.2910  -39.4116  -71.2778
   AF3   78.3984  -14.9613  -96.4577
   AFz   79.0144   23.9805 -101.5742
    F1   44.3999   -3.4766 -116.6735
    F5   53.4603  -46.6160  -83.0930
   FT7   37.0245  -70.7188  -51.6193
   FC3   18.7459  -39.4094 -106.0565
    C1   -8.6846  -15.6282 -119.5246
    C5   -1.9127  -65.9460  -74.8843
   TP7  -18.2456  -76.8250  -39.5640
   CP3  -44.8704  -46.1258  -91.8561
    P1  -77.6365  -13.9412  -86.0042
    P5  -58.1088  -59.9817  -53.4201
   PO7  -71.2072  -56.8671  -15.8454
   PO3  -87.6676  -34.0664  -42.6364
   POz  -93.9940    7.6339  -50.9557
   PO4  -90.6693   35.9030  -30.9132
   PO8  -74.6573   49.0135   -1.7091
    P6  -59.0445   68.3869  -22.5063
    P2  -79.3990   45.4637  -66.3008
   CPz  -59.7216   21.9275 -104.7269
   CP4  -49.3888   71.4458  -65.8178
   TP8  -28.0067   79.7108   -3.8391
    C6  -17.5480   88.5207  -49.3516
    C2  -18.3425   50.2024 -110.3041
   FC4   11.0535   76.8610  -84.2124
  FT10   18.6802   89.9064  -28.5485
    F6   44.4191   80.0677  -61.9913
   AF8   75.7603   67.3394  -48.2697
   AF4   73.4159   57.3461  -80.9544
    F2   42.6646   47.8576 -106.2836
    Iz  -85.3170   -3.7487    3.9676
   nas  119.9467    0.0000   -0.0000
   lhj  -29.5697   83.0519   -0.0000
   rhj   29.5697  -83.0519    0.0000
