   Fp1   89.4628   24.4604   51.6076
    Fz   39.7373    2.6976  103.0114
    F3   47.9505   39.7895   88.8582
    F7   55.5106   69.1537   50.0890
    F9   31.6578   81.7214   17.6691
   FC5   24.8737   70.4858   70.8634
   FC1   13.5097   32.8597  106.6508
    C3  -10.8618   61.0470   89.3132
    T7    3.7605   84.7352   37.2920
  ECG1  -35.3899 -161.5437 -210.2639
   CP1  -28.4209   77.0980   53.4711
    Pz  -46.6621   39.8736   90.7910
    P3  -68.1591   12.6492   70.4040
    P7  -66.5933   56.7191   46.9914
    P9  -46.9563   69.7022   18.4400
    O1  -79.9557   34.1170   21.5196
    Oz  -94.8346    9.7132   24.0872
    O2  -85.3772  -13.3187   19.8319
   P10  -67.6365  -34.1623   57.8303
    P8  -59.9646  -52.8475   21.7556
    P4  -41.2591  -67.9761   -8.6633
   CP2  -45.4683  -62.8365   54.0302
   CP6  -49.6438  -16.4719   93.3755
    T8    2.6344    0.8432  112.7803
    C4  -21.1191  -52.3084   89.8810
    Cz  -17.4338  -78.3133   31.0804
   FC2   12.7286  -83.8740   10.3766
   FC6    9.9009  -73.8969   65.2050
   F10    7.7507  -30.3118  104.8228
    F8   36.9055  -47.5136   88.4498
    F4   40.1809  -73.9129   50.0240
   Fp2   83.6683  -37.5828   50.6401
   AF7   74.7699   51.2355   53.2445
   AF3   67.3055   29.0454   79.1445
   AFz   66.2102   -1.8515   83.5353
    F1   39.0275   24.0994  100.4111
    F5   50.2235   63.5990   68.4594
   FT7   29.2026   82.7400   40.3999
   FC3   18.8540   55.0603   92.0271
    C1  -17.1806   39.5268  104.9788
    C5   -4.5457   80.0152   60.5571
   TP7  -19.7521   80.7224   26.9134
   CP3  -36.2429   63.8459   76.3443
    P1  -61.0217   44.4231   79.7448
    P5  -54.0683   69.2848   45.2492
   PO7  -76.2626   55.1914   23.6959
   PO3  -73.5375   44.5607   38.5855
   POz  -81.8747    8.5544   42.8351
   PO4  -78.6065  -18.3255   41.4470
   PO8  -72.9400  -36.5814   23.0410
    P6  -57.3589  -50.2288   46.6317
    P2  -69.8341   -9.6957   66.3923
   CPz  -49.5533    9.2564   95.0433
   CP4  -47.9455  -49.7700   76.8860
   TP8  -39.0838  -68.2190   26.8429
    C6  -15.4901  -75.3972   56.6746
    C2  -24.7573  -25.9393  106.5653
   FC4   10.0782  -51.8804   92.3375
   FT8   11.9464  -82.0219   40.9467
    F6   40.6773  -63.4373   71.2836
   AF8   65.4152  -59.5683   50.8270
   AF4   63.8660  -38.3745   75.8449
    F2   35.2782  -28.3433   96.9910
   FCz  -83.1055    6.1279  -10.7782
   nas   96.4912   -0.0000    0.0000
   lhj    6.6304   88.0130    0.0000
   rhj   -6.6304  -88.0130   -0.0000
