   Fp1  103.2848   35.3698   55.0193
    Fz   65.1722   11.9030  119.9059
    F3   61.7399   58.3348   96.5253
    F7   56.7017   74.1914   47.8229
    F9   22.7564   79.9314    5.9439
   FC5   27.5477   79.5438   74.3888
   FC1   34.4896   44.6594  122.1517
    C3   -2.5184   70.6921  107.3634
    T7   -5.3078   86.1728   41.2814
  ECG1  -95.0795  165.3089 -189.2905
   CP1  -34.9387   80.7179   70.5883
    Pz  -35.1313   42.3473  129.9828
    P3  -69.1037    4.8583  116.4833
    P7  -63.3704   59.4017   96.8826
    P9  -62.9854   70.7513   42.2154
    O1  -99.3807   33.3366   54.2027
    Oz -106.7455    5.0951   57.4843
    O2 -101.2003  -25.4466   59.0335
   P10  -65.3224  -41.6638  105.5500
    P8  -63.7369  -62.4107   57.5867
    P4  -41.8750  -75.4424   27.7657
   CP2  -37.1440  -68.2647   86.8123
   CP6  -36.7591  -24.3562  132.8533
    T8   30.0383   10.0624  133.9094
    C4   -2.0756  -52.2667  122.0941
    Cz   -4.2808  -79.6258   60.9436
   FC2   24.6372  -78.8567   28.5797
   FC6   28.3082  -67.2805   87.5736
   F10   32.1160  -19.9732  132.3748
    F8   61.2695  -40.1109  104.6742
    F4   52.7737  -69.4620   60.3571
   Fp2  103.2253  -29.8346   63.5455
   AF7   79.9859   61.2341   51.3137
   AF3   85.9199   46.1153   81.7414
   AFz   92.2519    9.2389   95.3132
    F1   62.8764   33.3264  115.1213
    F5   57.6132   69.2353   72.6987
   FT7   29.2866   82.7743   45.4284
   FC3   32.2603   61.7570  104.7410
    C1    0.0406   41.9246  132.5171
    C5   -5.1020   83.8395   74.2675
   TP7  -35.5596   83.7945   39.0978
   CP3  -35.3376   69.0712  103.7881
    P1  -64.3957   34.8480  115.4349
    P5  -71.4238   69.9338   78.4072
   PO7  -88.1492   52.1929   54.3468
   PO3  -88.9160   41.3760   81.3042
   POz  -94.8111    6.2911   86.8611
   PO4  -93.3140  -23.3015   85.1035
   PO8  -84.7181  -45.5262   65.1846
    P6  -66.9578  -54.4511   84.8742
    P2  -67.3827  -19.5585  116.8181
   CPz  -40.2400    9.6908  137.9835
   CP4  -35.1410  -53.2884  116.4813
   TP8  -39.9087  -72.0392   58.3790
    C6   -6.2704  -72.5739   89.8043
    C2   -3.0300  -26.1536  137.8352
   FC4   28.7699  -49.6404  114.2101
   FT8   26.4707  -76.4736   62.6773
    F6   57.3807  -58.8679   82.5906
   AF8   82.4654  -52.6276   61.7591
   AF4   89.1833  -31.6517   88.3452
    F2   65.3494  -17.1152  117.1503
   FCz -103.5738    2.0095   24.2274
   nas   98.9478   -0.0000    0.0000
   lhj    5.2826   82.5210    0.0000
   rhj   -5.2826  -82.5210    0.0000
