   Fp1   98.9392   34.5568   60.2281
    Fz   62.3606    8.6111  115.1189
    F3   55.8685   54.4223   92.1454
    F7   55.8173   69.3009   50.5002
    F9   23.0798   76.6451   16.4852
   FC5   29.6998   72.8979   74.9479
   FC1   29.0418   38.6900  117.1099
    C3   -0.6731   63.4924  101.3697
    T7   -1.0812   83.7827   42.6224
  ECG1  -23.5246   99.8108 -160.7534
   CP1  -31.9751   75.7919   66.9621
    Pz  -36.4693   37.3708  117.4367
    P3  -69.0786    2.1961  103.6548
    P7  -64.8593   53.4502   83.6613
    P9  -60.3020   65.5895   41.1215
    O1  -90.7091   24.4727   43.0442
    Oz  -92.6051   -1.8649   51.1538
    O2  -88.0837  -32.1920   51.7016
   P10  -61.6551  -43.0784   93.5011
    P8  -54.7227  -67.7506   53.5423
    P4  -31.4775  -78.4151   28.4688
   CP2  -32.9162  -68.0612   81.3744
   CP6  -33.7442  -30.3097  123.0526
    T8   25.1081    7.0572  126.5657
    C4   -1.3657  -56.1841  108.5970
    Cz    1.8903  -85.3639   66.7553
   FC2   23.7136  -78.2454   25.5670
   FC6   26.8758  -68.5085   85.8794
   F10   28.2800  -30.9378  120.2885
    F8   62.2708  -44.3944   95.8664
    F4   51.6870  -66.7654   59.4814
   Fp2  101.3301  -30.7127   59.5876
   AF7   76.0044   58.5889   53.2741
   AF3   81.4427   43.9696   80.3559
   AFz   91.9159    7.4337   91.2994
    F1   57.1192   38.4454  105.6488
    F5   58.5078   64.5549   73.8612
   FT7   24.8961   78.8664   49.0677
   FC3   27.8147   59.4924  100.1413
    C1   -3.1180   37.8167  123.9604
    C5   -3.9386   81.4216   71.0148
   TP7  -27.6058   80.2036   37.6193
   CP3  -35.6149   58.5959  101.5497
    P1  -59.4708   30.9310  107.0944
    P5  -62.5895   60.7180   68.7895
   PO7  -79.5166   48.8175   45.3788
   PO3  -90.0978   32.3349   73.2301
   POz  -83.0585    1.7009   84.6871
   PO4  -80.4399  -24.2285   79.1289
   PO8  -79.0960  -46.4462   55.1502
    P6  -60.4187  -57.5725   71.1102
    P2  -63.7394  -20.2588  107.9555
   CPz  -39.1205    5.5102  126.4982
   CP4  -33.9652  -51.4456  106.6856
   TP8  -26.3377  -76.5859   53.6970
    C6   -1.0738  -73.1405   83.5626
    C2   -4.9555  -25.5919  125.9098
   FC4   29.3828  -51.9790  107.7021
   FT8   24.2652  -75.7635   59.1406
    F6   59.1741  -59.1916   77.5064
   AF8   79.3778  -52.9911   58.0619
   AF4   87.4642  -32.9948   81.6225
    F2   62.9274  -25.2428  108.6273
   FCz    2.1284    0.6041  130.2248
   nas  105.5439    0.0000    0.0000
   lhj    2.0186   84.1244    0.0000
   rhj   -2.0186  -84.1244    0.0000
