   Fp1   90.7047  -35.1236  -54.7302
    Fz   47.1092   -7.6526 -104.1779
    F3   45.7058  -49.9202  -82.2551
    F7   46.9183  -71.2633  -40.5108
    F9   19.1827  -78.3362   -2.5402
   FC5   12.9982  -72.8708  -62.4506
   FC1    6.4194  -33.5151 -106.0274
    C3  -20.9036  -60.6252  -83.9588
    T7   -9.8318  -78.8196  -24.6821
  ECG1  -70.2887  -72.1548  127.2695
   CP1  -41.1784  -70.3726  -46.9843
    Pz  -56.4906  -29.4166  -95.2650
    P3  -78.0715    5.0135  -73.4501
    P7  -72.8184  -45.3151  -55.9948
    P9  -56.0277  -63.6399  -13.8443
    O1  -90.6777  -23.5851  -13.9210
    Oz  -93.6261    8.9638  -22.3619
    O2  -91.6745   28.5395  -13.8665
   P10  -70.6129   49.2775  -58.1029
    P8  -54.3659   63.8286  -17.1588
    P4  -21.1838   81.8452   11.3920
   CP2  -35.4649   72.3829  -46.4260
   CP6  -53.2795   36.6611  -94.1450
    T8    8.9142   -0.5970 -114.2590
    C4   -9.9706   59.7666  -86.0701
    Cz   -5.9537   77.1139  -26.4897
   FC2   28.1538   74.5434   -4.4795
   FC6   19.1898   71.9442  -62.6254
   F10   14.5222   28.2738 -108.9709
    F8   50.8099   45.3417  -85.6319
    F4   53.6645   69.4701  -39.4708
   Fp2   93.2280   29.0276  -57.9541
   AF7   68.9480  -59.7426  -45.8568
   AF3   71.5824  -37.1763  -77.8547
   AFz   76.4749   -3.3125  -85.6920
    F1   38.5241  -29.2231 -101.9109
    F5   46.5954  -67.0646  -61.4861
   FT7   17.8615  -78.4036  -32.7894
   FC3   10.4357  -59.6429  -83.8319
    C1  -20.5726  -31.0990 -107.0472
    C5  -15.4657  -75.4130  -54.8944
   TP7  -34.5088  -73.1510  -20.8940
   CP3  -49.2986  -58.3246  -72.4640
    P1  -79.0706  -23.9071  -67.9790
    P5  -65.1926  -57.5981  -39.9093
   PO7  -79.5707  -47.5667   -9.9109
   PO3  -89.4780  -28.2313  -38.9462
   POz  -88.9835   -2.1579  -42.2954
   PO4  -83.8113   32.1569  -37.5636
   PO8  -73.9178   49.9162  -13.1994
    P6  -59.5178   59.9006  -40.2816
    P2  -76.4824   26.1925  -71.6909
   CPz  -54.7090    2.3699 -100.7524
   CP4  -44.9575   58.0072  -77.3801
   TP8  -30.4590   73.6167  -17.4237
    C6   -9.1411   74.8753  -58.0569
    C2  -19.4149   33.0457 -108.2464
   FC4   16.2512   54.9506  -88.4391
   FT8   26.9771   75.1566  -34.8408
    F6   53.6406   59.2803  -67.6175
   AF8   77.0017   52.6014  -47.7190
   AF4   75.6253   33.3878  -75.7835
    F2   44.4133   25.7185 -101.9647
   FCz  -84.7202    3.4868   21.6105
   nas  105.0175   -0.0000   -0.0000
   lhj    5.9986   78.0300    0.0000
   rhj   -5.9986  -78.0300    0.0000
