   Fp1   99.7439   31.1667   54.8528
    Fz   64.6310   -0.9879  112.8935
    F3   65.4232   43.0143   94.7724
    F7   58.1216   67.5934   52.6960
    F9   33.0136   78.0566   19.2799
   FC5   39.1062   65.4793   79.3462
   FC1   34.7066   28.0842  123.1227
    C3    5.9704   62.1648  105.4365
    T7    8.3415   82.7060   51.3556
  ECG1  -32.6391   89.2629 -180.1974
   CP1  -20.1778   76.3083   79.8698
    Pz  -29.3293   42.6634  118.8015
    P3  -63.1044    3.8452  105.3536
    P7  -52.6653   56.3680   91.5680
    P9  -42.6731   73.0390   44.4824
    O1  -82.2931   40.6083   44.2462
    Oz  -89.8693   15.5201   48.6556
    O2  -88.7121  -11.7324   44.8533
   P10  -61.6172  -37.5273   87.6919
    P8  -55.1887  -55.4216   38.3422
    P4  -45.8300  -61.2148    9.5685
   CP2  -34.2886  -64.3721   67.5596
   CP6  -36.6963  -28.0782  119.7162
    T8   29.0570   -5.6533  128.6432
    C4   -6.4592  -55.5845  104.0689
    Cz   -8.3704  -73.8633   42.4960
   FC2   20.5776  -72.8819   11.9134
   FC6   24.3780  -68.6357   73.2479
   F10   27.2038  -35.2711  118.5710
    F8   58.5291  -46.9164   90.9672
    F4   50.4545  -66.6989   47.3250
   Fp2   94.1204  -35.0575   53.1808
   AF7   81.3480   51.9161   51.8899
   AF3   88.2736   31.1706   82.6112
   AFz   91.0629   -2.6697   89.0299
    F1   61.2740   20.8651  112.2396
    F5   64.4987   56.2944   75.9318
   FT7   34.6881   77.5083   49.1851
   FC3   36.1143   50.1430  106.2754
    C1    2.9644   31.0513  129.2452
    C5    9.9018   76.2798   77.9308
   TP7  -21.4857   79.3462   45.5596
   CP3  -26.9656   59.8893  106.2448
    P1  -60.4429   24.4914  103.5743
    P5  -50.4132   68.6192   68.4759
   PO7  -68.2545   63.5303   47.6869
   PO3  -74.3084   42.5903   73.0154
   POz  -81.4855   10.9623   77.6332
   PO4  -77.9676  -22.6028   70.9523
   PO8  -74.6987  -38.2438   46.7962
    P6  -59.6554  -51.1594   67.3197
    P2  -61.3011  -20.6002  101.7627
   CPz  -37.6274   -0.0700  123.1193
   CP4  -35.8193  -53.9830   96.4574
   TP8  -33.9697  -65.9460   36.3749
    C6   -4.7248  -70.8722   72.7382
    C2   -8.5741  -32.0709  125.6946
   FC4   26.4370  -56.0826   97.7440
   FT8   21.5373  -74.9112   42.1303
    F6   53.8075  -58.7020   73.3265
   AF8   78.5575  -51.7356   48.9247
   AF4   81.8084  -39.7509   78.3453
    F2   61.7794  -29.7296  106.1923
   FCz   -6.6025   -2.6803  132.3286
   nas  104.5167   -0.0000    0.0000
   lhj    8.8611   81.4858    0.0000
   rhj   -8.8611  -81.4858    0.0000
