   Fp1   92.3986  -32.6410  -52.6900
    Fz   44.0450   -3.8963 -106.1984
    F3   46.9363  -48.7550  -83.5023
    F7   53.2254  -68.4171  -44.0055
    F9   28.3420  -74.0712   -4.6258
   FC5   20.9314  -72.0886  -61.3831
   FC1   12.4096  -32.0056 -105.5520
    C3  -13.7322  -59.1157  -83.6303
    T7   -0.5653  -76.9641  -23.7714
  ECG1  -26.1384  -75.4304  130.4673
   CP1  -32.1979  -71.7655  -44.2238
    Pz  -52.9096  -34.7272  -93.4860
    P3  -78.1016   -4.5744  -72.9562
    P7  -67.5139  -58.5363  -53.1289
    P9  -52.8488  -62.4775  -14.1240
    O1  -86.6488  -28.7556   -2.0878
    Oz  -99.2302    9.7414   -6.8240
    O2  -85.8426   26.0630  -10.0740
   P10  -74.2289   43.9438  -56.6281
    P8  -58.2939   62.7196  -10.1009
    P4  -33.3366   71.4425   15.7190
   CP2  -44.0335   69.9967  -45.2989
   CP6  -55.4425   29.8508  -96.0400
    T8    4.1340    0.5084 -114.5117
    C4  -16.4783   59.3282  -87.0376
    Cz   -9.1318   78.5588  -29.5467
   FC2   26.4977   75.8313   -8.9843
   FC6   16.5983   72.6493  -62.8266
   F10    8.6141   29.8396 -107.8854
    F8   46.8935   46.9875  -83.3712
    F4   46.6663   70.6457  -40.4271
   Fp2   90.9255   31.6085  -59.4974
   AF7   73.6353  -54.0863  -51.7632
   AF3   73.3678  -39.4726  -73.7514
   AFz   75.5550   -0.7786  -85.8426
    F1   43.7675  -26.7136 -100.5069
    F5   48.3521  -64.4990  -61.9256
   FT7   27.5310  -75.2566  -31.1146
   FC3   16.0021  -56.0354  -86.3939
    C1  -22.6487  -36.5128 -102.8931
    C5   -6.9445  -74.5083  -54.0467
   TP7  -22.9010  -73.6302  -12.8105
   CP3  -44.5423  -59.4221  -73.6295
    P1  -56.0632    0.1982  -99.7649
    P5  -77.2703  -31.1505  -67.4356
   PO7  -57.9978  -61.3908  -34.0060
   PO3  -75.4102  -49.7017   -8.0855
   POz  -81.2090  -38.2034  -34.7591
   PO4  -89.4849   -6.5164  -40.1555
   PO8  -86.9796   27.4234  -38.6699
    P6  -79.7096   43.5919  -13.0957
    P2  -65.1372   58.6659  -35.2770
   CPz  -77.5718   23.7625  -68.8199
   CP4  -51.2683   57.0455  -76.3295
   TP8  -30.1002   76.1302  -15.9059
    C6  -13.6886   74.8113  -58.2038
    C2  -22.5694   27.3969 -110.0828
   FC4   15.3421   54.0105  -87.8364
   FT8   21.7274   77.1427  -33.4824
    F6   48.3136   61.4131  -67.6066
   AF8   71.9553   55.8112  -47.9095
   AF4   73.0682   35.8371  -76.0406
    F2   41.4959   22.7002 -103.6775
   FCz  -98.5745   14.1891  151.2930
   nas  107.2636    0.0000    0.0000
   lhj    3.3243   82.7403    0.0000
   rhj   -3.3243  -82.7403    0.0000
